50
6661 2198 0
4872 1793 0
4039 4293 1
4168 9586 0
7096 3916 0
6694 4160 1
7040 6225 1
2135 7381 0
7401 2582 1
3945 2546 1
4235 5421 0
3746 2587 0
9391 8994 1
7486 3683 0
185 5895 1
1857 3776 1
6379 3449 1
2942 4018 1
2981 8907 1
2081 4914 0
1165 1406 0
9590 1274 1
8864 8288 1
4184 5112 1
1197 4291 1
5944 8470 0
5768 1100 0
2030 9522 1
4773 2673 0
4827 2126 1
678 3673 0
8605 4348 0
1716 33 1
9795 2887 1
1534 6228 1
7062 36 1
1247 2764 1
197 744 1
6849 5873 0
9264 1498 0
4041 7619 1
859 4712 1
2590 9789 1
7741 1790 0
42 204 0
3823 9347 0
9711 9057 1
5906 621 0
996 6210 1
3751 5356 0
