101
750
391 58
1303 4
652 66
1876 75
3756 88
567 33
4818 87
974 33
278 18
570 40
1487 59
4487 25
4365 36
4594 11
2324 74
3504 90
4405 75
4599 73
3834 65
1485 43
4596 42
379 72
4584 14
1337 3
426 37
679 6
4116 34
3314 66
2601 64
422 97
1769 69
2520 63
1933 38
4022 95
1180 5
4938 95
1990 90
3733 85
4981 79
1784 2
3914 94
4810 0
2680 65
882 78
1703 68
1999 92
4478 85
498 91
1763 27
580 25
74 53
2828 48
3789 52
2335 36
3060 1
2774 29
438 39
242 98
1443 74
1021 17
3992 14
1657 0
3505 54
2685 11
199 74
28 68
4658 33
2753 2
1088 62
3265 91
2133 31
4724 58
4199 14
1089 74
29 81
2833 46
238 51
80 95
1216 26
3843 17
3965 39
1771 25
4320 32
4284 70
2715 74
607 31
1918 100
2081 75
3245 74
2133 80
4681 5
4675 25
1236 69
1101 57
839 42
1395 61
1278 2
2308 36
4534 83
72 35
1044 59
3190 98
2578 57
2599 91
483 69
1924 37
1057 72
4335 21
3946 29
472 14
2247 71
4120 48
3061 98
4509 29
523 95
1803 94
4070 9
2803 58
660 35
396 15
244 15
4912 82
1687 23
2922 33
3572 31
1415 82
1237 26
149 29
3622 19
3503 5
2408 98
2382 14
1840 29
1496 14
5000 18
3290 69
74 46
2968 0
3825 59
1422 73
3929 81
4055 13
3716 40
3520 92
2884 28
3535 18
3292 32
4507 74
1487 23
1135 30
5 8
83 21
4390 12
2273 69
1443 39
1950 43
1089 30
3007 32
2901 89
4335 47
2662 79
551 33
2235 89
2789 75
578 99
2938 85
1007 94
854 72
2818 17
2963 85
113 66
2679 19
571 72
2207 37
3418 72
3011 31
1417 90
3955 75
4411 45
4212 85
2711 74
2542 31
4077 39
4265 12
44 63
2557 4
1433 31
1103 48
1042 63
3889 14
1393 65
3947 46
2481 9
3960 30
3881 85
4745 53
2824 38
2528 16
4381 21
2364 44
2268 13
3187 28
201 55
2361 8
736 81
2131 66
4997 91
1651 95
3463 89
1528 39
1603 12
4438 50
2001 92
832 10
4524 70
2643 9
3005 97
3092 10
495 9
23 0
4172 63
1876 92
1056 45
1544 76
867 89
1594 46
2202 18
3279 50
2171 17
4093 76
3393 46
4032 68
1205 23
1693 86
125 29
3518 75
1459 10
292 43
3856 46
4790 91
3603 43
1830 28
1216 83
1377 77
4054 69
4569 76
456 36
4358 65
4871 0
3225 9
3566 30
322 60
3905 75
1840 36
4920 41
3210 84
3046 24
1490 50
272 24
4586 0
1041 26
3045 21
4903 48
1328 63
2903 99
126 44
4192 14
4383 91
4676 3
3715 35
4946 89
1836 31
4367 12
2575 69
2745 93
760 17
2819 6
1722 50
957 95
3051 100
258 90
1392 89
1912 37
3021 22
4804 70
2171 72
3350 47
3502 94
3968 28
796 1
1033 84
2647 77
904 33
2673 70
4857 68
2380 3
2372 79
4843 58
2127 41
4596 76
2696 2
1576 76
2959 33
2654 56
1686 63
3478 44
2510 95
3282 94
2870 100
1552 54
776 30
4597 94
206 67
4896 25
1028 24
4954 9
4280 37
3852 65
4370 56
4363 20
4882 41
1683 98
868 33
519 27
1290 36
1443 59
4392 14
2753 57
4365 72
2470 45
2858 15
2618 100
3307 98
4282 21
469 42
3024 91
545 11
1492 67
3298 18
187 57
2920 8
3983 53
1647 56
1389 9
4927 81
845 49
1904 99
3402 11
2511 100
4604 47
3318 36
4464 92
4074 17
4969 8
3352 90
3688 22
2073 99
3532 47
666 89
3139 8
1322 35
2736 86
3776 6
3607 83
3511 3
4 21
2466 32
637 9
2259 16
4195 100
3320 8
779 46
14 87
125 100
1967 63
2097 72
3558 11
738 10
3194 56
1396 47
2528 12
67 63
1736 76
613 88
3168 60
1087 49
416 73
3381 69
4013 59
3157 25
3773 4
704 32
4885 64
4410 41
251 32
1866 8
4749 58
39 56
4011 76
164 30
1553 25
1553 7
1338 52
3645 12
4570 94
311 53
806 72
3270 36
3803 27
2909 15
4959 43
2403 76
1205 55
647 32
578 42
750 74
4413 61
4922 40
4414 2
3228 50
2080 30
3318 59
3202 86
2649 66
2338 85
4151 27
4315 11
3051 70
2903 11
2863 0
3098 15
864 19
4805 45
2162 30
1217 70
3790 28
3424 31
433 49
4297 13
1115 8
2385 66
1288 69
4485 42
1269 54
3581 39
2194 85
1474 87
577 44
4220 34
1693 39
4616 33
401 40
2441 19
3622 0
2132 86
1571 9
2045 73
2382 71
746 0
746 55
4741 2
3404 33
1015 19
303 74
1203 24
4901 67
2962 99
4900 46
1383 89
1063 100
400 67
2928 97
2671 50
3051 79
1232 93
2531 11
455 88
3400 62
4716 16
4984 45
1898 71
1997 65
2849 63
3500 61
3012 59
451 48
1907 18
2137 54
4903 80
1263 50
1447 40
4058 15
2133 64
2329 19
4422 39
272 68
4226 58
3315 86
1029 65
793 83
3037 70
2022 32
371 34
393 100
2279 51
2942 27
219 85
3055 40
4676 52
3879 82
3449 82
4534 43
3778 62
2760 71
2076 36
481 2
3536 43
4583 87
1489 62
1939 49
1930 12
1300 58
3515 28
3390 28
1924 47
4432 19
2706 85
4928 75
2280 27
3378 21
2201 32
4784 2
3462 12
2869 92
1993 89
4928 80
1207 50
1621 18
3017 19
782 65
1399 0
236 66
2253 58
2182 51
4297 82
2252 83
2390 73
2551 69
1564 72
4928 54
2734 14
1043 50
1623 15
227 78
4182 44
3254 47
1511 59
636 15
4199 32
140 65
3995 92
427 59
4120 32
1106 62
1422 63
2539 3
2432 71
3338 16
4635 74
4170 22
109 67
2636 1
1823 48
4621 64
3035 3
4916 38
51 69
4813 43
2414 33
1234 58
4938 63
1230 78
352 82
2186 45
3519 54
4069 45
2297 29
990 20
869 36
2173 46
426 91
2972 2
1044 32
4749 76
2641 35
1342 55
2397 80
3815 46
1947 72
1214 58
1158 5
2147 25
4855 21
1534 83
2080 95
4432 32
758 83
1693 18
2397 51
3386 100
4094 47
3375 17
4930 91
2052 100
2625 42
1481 88
265 56
2469 25
4443 62
573 26
3722 30
2613 79
4515 62
3916 46
2884 26
4179 62
4422 13
4637 19
33 22
3644 78
56 77
2160 63
1186 48
3307 34
863 30
3077 48
2050 68
2324 8
3304 99
1101 97
1886 63
2327 11
3772 46
2625 38
2664 58
2351 68
4957 74
42 30
1443 67
2497 44
2125 41
1161 92
301 38
3002 53
2018 83
3838 69
250 91
4574 19
1032 70
3680 89
2376 49
3372 87
1069 60
4096 18
2449 34
4947 16
3866 55
3762 59
2018 100
3906 100
1044 59
4045 53
1158 84
4498 66
242 69
4479 52
2425 10
494 32
3398 31
1188 41
3725 67
3196 38
4326 39
800 67
538 87
4178 97
2580 80
2906 25
4648 78
2604 69
3276 40
2407 16
1707 81
799 100
3832 42
4507 38
2906 34
1130 13
3486 17
4505 13
1475 81
4954 27
451 61
1073 16
4198 8
3833 55
2463 74
2758 60
2853 33
1430 94
1567 42
4260 19
843 51
4516 19
4076 68
330 19
2075 25
1091 20
1530 60
368 54
3308 18
306 2
4486 6
4171 37
1371 21
3116 23
4256 16
4423 85
3938 74
1379 50
2553 56
1802 50
4925 17
2229 88
2213 98
495 6
3240 8
3580 55
3188 5
3427 70
488 57
2710 44
4405 77
3090 46
4435 26
1536 59
1998 74
3298 43
466 63
1615 79
