345
1251
893 81
952 21
861 75
36 14
704 100
118 59
480 51
930 12
923 82
985 40
974 24
181 72
780 75
848 36
823 82
183 19
75 29
554 15
92 6
286 19
373 87
204 5
253 77
924 41
233 55
822 46
232 6
330 96
630 67
279 19
31 34
832 71
959 50
691 96
64 94
985 98
746 51
783 5
918 77
272 50
122 24
966 38
475 7
850 64
296 66
851 94
36 22
610 13
731 43
87 43
472 45
85 73
935 62
152 67
933 91
817 75
457 39
799 41
591 30
599 6
954 32
997 52
758 80
916 78
80 39
465 84
756 85
415 59
695 22
443 98
452 35
37 73
388 59
644 32
235 54
679 40
956 16
554 24
973 76
60 97
792 94
69 64
116 11
34 34
411 52
474 7
77 75
547 11
936 77
314 19
811 5
671 42
951 52
306 10
29 14
354 58
165 63
631 89
878 79
969 45
246 31
765 73
783 46
107 79
846 90
587 63
849 29
236 69
446 38
833 22
982 44
567 95
631 12
776 63
28 68
814 83
370 30
704 80
875 13
159 96
58 7
822 85
368 27
30 76
11 80
901 14
181 66
9 1
769 71
545 92
586 94
936 95
988 6
613 16
335 20
811 30
911 67
162 95
189 9
242 19
882 96
660 85
154 35
408 82
719 48
217 21
315 63
31 41
514 58
461 15
890 77
258 7
194 10
774 19
337 52
533 20
421 51
945 90
120 68
666 84
542 88
319 77
744 12
834 100
62 7
254 70
841 29
684 66
12 80
817 69
780 41
233 83
32 84
737 64
170 45
923 38
872 25
736 79
788 6
460 42
309 73
2 98
749 75
533 21
618 91
93 48
170 64
400 47
656 62
676 60
336 59
715 32
637 29
109 84
698 12
448 34
310 60
254 52
392 16
473 30
18 17
248 75
422 1
824 60
803 96
307 79
67 1
32 93
119 69
148 57
9 90
685 43
547 5
883 44
627 55
123 22
612 86
149 29
249 91
441 72
803 11
630 57
996 95
401 60
597 39
333 38
295 90
836 2
822 82
783 57
413 59
78 38
885 58
540 77
958 42
706 53
632 74
185 65
177 94
617 74
964 79
536 55
170 34
169 94
46 74
303 20
706 73
88 87
950 37
266 50
587 55
336 49
925 71
959 93
548 97
502 50
913 14
156 63
597 73
955 81
779 44
936 75
966 26
375 49
46 16
990 5
804 3
515 45
752 61
959 30
259 36
573 7
44 75
427 80
287 99
962 26
498 67
519 20
11 71
826 80
834 19
117 47
669 72
210 12
824 3
937 47
784 58
113 34
915 52
932 21
875 47
898 32
626 72
30 12
989 34
582 51
16 29
400 98
410 90
368 4
880 83
723 64
537 24
396 15
815 21
315 74
332 82
718 84
650 53
939 74
983 9
878 37
38 32
338 97
799 91
697 64
632 63
117 59
656 53
981 43
441 80
661 96
189 45
384 92
779 56
721 83
702 38
630 98
111 66
12 50
189 67
947 28
116 76
983 55
383 9
866 19
842 47
913 75
159 94
376 88
133 37
257 11
579 13
365 2
711 46
282 61
329 49
910 57
101 57
455 30
889 75
122 67
537 65
925 56
899 39
872 89
203 67
253 34
386 50
241 60
443 14
52 3
927 88
520 48
71 48
521 20
781 93
43 89
441 95
31 94
489 12
459 78
918 73
887 72
318 6
837 76
408 5
268 20
570 92
582 4
457 54
176 34
867 51
493 54
747 37
567 46
84 81
414 72
80 8
617 55
390 91
38 34
211 25
411 97
237 44
27 44
506 45
789 23
335 67
903 26
978 16
584 51
548 30
881 43
320 49
385 68
32 86
352 24
442 38
183 82
30 7
919 91
774 74
501 58
396 14
194 97
679 16
122 18
887 92
782 66
388 96
11 25
210 66
895 1
339 3
855 13
234 47
725 87
159 13
857 20
900 69
830 73
879 63
9 50
464 24
259 72
118 18
652 24
853 81
545 23
203 37
601 68
26 97
55 88
495 94
580 28
329 21
753 31
832 33
132 59
93 43
983 24
566 78
378 32
416 100
978 92
464 84
565 76
682 68
969 97
708 35
772 37
813 23
867 5
832 97
847 72
144 95
641 87
500 100
792 97
391 8
42 28
475 89
289 49
735 45
610 83
824 100
254 66
731 28
369 91
3 55
930 48
936 79
365 59
195 34
861 6
492 80
578 44
713 24
492 46
624 4
755 45
419 97
748 61
447 86
610 67
440 57
605 43
552 84
701 10
641 1
347 30
494 56
875 35
894 72
724 43
292 27
420 41
864 77
224 76
829 34
32 97
591 73
231 39
584 14
926 18
440 11
933 95
174 93
875 24
487 41
231 98
779 52
470 20
825 81
999 80
507 51
510 45
56 17
35 15
805 48
650 45
798 56
864 19
718 44
794 57
474 40
836 54
271 88
73 28
761 64
561 34
144 100
455 81
56 16
369 16
72 5
906 87
665 43
24 71
369 13
224 91
452 92
695 3
287 82
278 43
931 68
216 24
666 95
393 9
29 25
311 81
103 8
325 95
386 46
705 61
311 56
886 94
51 90
800 67
799 99
46 89
698 90
964 6
72 100
790 49
390 17
80 29
160 72
814 45
632 18
772 49
462 25
507 10
250 44
986 24
522 39
915 93
542 96
587 17
322 43
486 31
491 71
896 100
955 65
853 80
417 98
684 97
271 94
467 10
480 87
805 87
570 11
252 34
514 29
765 6
51 16
494 29
752 25
666 4
815 5
787 24
791 93
142 88
315 89
520 36
387 84
919 35
96 65
313 23
847 33
287 74
974 1
923 67
129 81
417 89
652 36
13 88
572 27
242 21
663 4
943 33
826 13
598 90
89 91
243 94
313 78
240 4
242 91
936 8
225 3
28 61
87 38
92 39
208 89
808 99
703 96
420 91
313 5
411 39
480 60
785 48
984 58
708 46
774 65
375 100
202 85
960 6
681 60
275 99
993 10
551 78
252 88
540 5
834 85
159 50
447 42
469 73
485 92
105 51
922 47
477 97
986 16
893 29
323 14
513 31
618 98
819 97
248 48
291 55
886 96
658 79
392 93
97 30
679 25
365 18
248 99
237 3
744 67
391 88
967 58
514 32
860 86
700 65
305 100
310 89
575 36
259 83
39 70
427 99
804 7
671 29
172 48
557 72
903 10
272 25
525 97
681 27
43 30
151 93
473 11
110 47
948 30
142 67
482 6
749 98
893 92
451 12
487 67
442 23
306 52
882 89
695 67
35 89
691 26
449 64
260 15
859 21
894 85
388 24
843 75
974 36
350 90
862 1
899 2
38 38
659 92
14 31
12 54
635 11
396 75
546 9
441 12
434 52
164 33
139 91
687 45
415 52
332 4
875 15
719 21
368 98
905 39
863 81
616 19
763 83
933 90
625 42
309 61
802 4
488 24
978 98
421 14
308 24
919 77
321 72
891 60
525 81
169 54
334 70
114 86
866 30
38 68
350 13
233 34
114 69
336 95
37 60
305 94
60 70
849 52
421 27
380 3
481 68
472 22
518 81
974 13
177 39
539 69
500 63
377 3
95 66
982 60
855 40
162 29
342 85
119 61
891 39
292 53
482 27
669 71
175 41
544 50
16 10
894 7
174 7
292 98
293 72
878 57
486 93
987 88
815 4
145 53
140 87
482 40
463 61
929 33
14 47
806 51
298 16
159 60
731 85
323 75
837 41
440 50
537 87
598 17
804 63
947 42
643 36
458 30
774 23
132 64
495 72
833 69
322 83
356 17
494 96
590 3
963 48
113 71
813 10
621 62
947 22
651 47
290 86
250 98
614 99
570 45
934 74
132 63
536 51
793 49
758 57
768 70
182 11
180 97
77 88
829 3
127 30
449 72
75 43
142 47
204 26
576 74
166 18
738 9
71 88
415 54
664 84
141 3
186 70
881 32
483 95
931 67
63 28
719 68
302 42
359 28
659 15
459 18
60 59
948 88
263 46
37 80
17 22
899 30
950 22
762 15
439 92
31 58
5 3
546 37
136 77
41 25
832 8
721 56
179 61
114 60
136 57
713 9
961 50
605 62
633 44
42 56
66 60
770 51
405 46
639 5
250 80
934 22
464 10
331 33
622 94
916 60
329 85
625 83
55 25
302 23
841 57
788 47
591 40
316 31
151 80
837 45
347 80
596 61
749 33
609 88
349 80
853 7
57 46
82 12
117 67
26 67
535 64
627 30
995 39
721 23
210 41
709 72
564 55
803 92
906 51
731 86
878 57
218 71
426 33
584 33
856 62
571 13
81 16
704 75
903 8
35 99
158 7
747 64
772 10
405 65
455 53
961 49
883 19
74 48
728 41
273 95
700 76
885 23
988 61
59 96
601 34
927 19
727 70
752 12
566 88
780 31
363 94
462 98
846 61
823 98
388 94
498 24
447 99
155 43
480 54
130 92
635 76
829 21
84 65
889 31
433 72
969 40
170 96
967 48
199 44
88 54
718 27
557 10
936 18
439 41
948 87
965 92
749 32
252 22
733 84
726 31
642 4
611 5
593 62
648 87
702 90
363 86
761 1
303 66
71 61
139 43
408 89
463 49
912 27
593 11
121 81
787 14
511 15
921 92
110 50
688 38
647 39
240 96
38 58
264 15
76 91
725 37
658 17
433 78
464 40
903 72
779 29
44 51
333 68
482 26
580 17
692 59
251 56
313 77
141 54
747 77
875 86
751 42
536 36
147 72
418 78
612 98
558 19
615 62
693 11
229 65
126 72
94 23
344 43
703 37
799 16
575 48
144 77
288 50
919 86
203 43
969 71
910 62
90 82
167 74
797 57
616 84
253 26
397 28
392 35
36 41
779 1
116 20
483 94
42 5
315 51
958 94
637 74
804 40
337 96
284 48
491 10
131 30
819 34
378 74
930 25
376 99
380 4
938 17
563 40
564 59
549 10
350 62
702 5
907 28
238 91
202 91
572 36
110 4
209 65
91 2
851 89
436 23
304 4
825 3
421 26
674 65
944 38
532 65
169 6
993 7
102 45
427 55
515 99
20 75
537 17
258 86
740 64
805 90
684 89
513 63
39 94
245 53
902 62
977 65
785 22
949 15
153 42
133 52
166 12
894 40
547 59
42 29
257 16
65 57
131 59
292 16
397 86
856 62
710 67
940 19
438 14
583 13
414 7
222 19
372 83
233 51
193 34
146 24
201 3
752 81
314 41
220 3
239 9
406 6
825 11
749 22
635 79
246 64
955 19
86 7
793 34
871 29
287 49
754 21
906 3
83 79
857 66
363 30
60 36
381 43
572 54
196 19
542 99
766 31
346 3
239 20
436 93
959 36
660 14
741 7
226 56
858 35
53 63
614 55
753 27
659 62
123 66
336 10
453 61
341 23
422 31
967 15
170 10
177 99
164 64
24 70
441 59
531 70
955 73
88 28
897 59
524 77
922 50
644 27
423 48
318 62
166 81
450 80
648 57
303 83
540 9
436 77
161 16
861 27
98 37
677 4
958 1
662 21
735 50
704 88
794 94
862 4
700 92
513 22
428 58
552 9
400 15
364 25
142 81
336 3
917 40
135 35
736 5
875 99
828 6
557 56
426 13
948 74
46 42
173 24
562 68
473 50
22 87
676 31
576 87
371 78
