5200
1150
2681 98
3145 91
881 51
2729 79
1005 78
8008 96
7747 94
556 55
3856 56
3605 74
6352 98
3546 78
5193 78
9034 82
9264 70
5130 61
1285 53
8236 76
5394 53
1567 98
1696 58
7797 57
7100 60
8342 82
7582 67
8962 75
8871 91
3488 96
9479 79
844 86
5734 100
6971 99
819 55
6350 52
3131 61
5265 54
4856 68
4129 96
432 92
7701 54
7478 85
9200 94
6876 61
6395 52
5536 94
1029 72
4375 78
7011 83
8904 95
2833 86
7796 73
3485 96
7152 61
8609 69
6853 55
3653 59
9902 56
173 82
4274 75
336 62
3437 59
4810 88
794 63
4526 74
9436 81
3300 53
5857 65
2856 62
6727 90
5270 87
2018 67
1396 82
2541 89
6697 88
8821 57
1513 73
3561 77
1782 63
2973 98
6896 99
7147 57
5813 64
4098 67
4360 66
6248 77
1153 79
9047 72
2432 76
8364 63
7296 71
500 66
2550 71
6057 54
8906 99
6580 69
8824 62
891 99
2007 53
6034 58
2737 67
6158 72
4938 67
4894 78
4314 64
3610 51
6190 75
1033 50
6183 85
5889 54
2203 95
8826 88
2458 84
5768 53
7247 60
6038 79
1553 60
7447 95
6923 50
2961 51
8244 54
7422 82
8965 55
9801 76
4843 99
2000 78
5804 100
5056 58
7980 57
6095 75
1810 95
3014 96
7015 71
2874 74
1292 96
2593 73
9044 90
4795 88
4000 89
6202 57
2561 83
8602 100
6520 72
2367 100
1454 68
6280 88
2960 78
5223 62
2800 81
3289 86
4735 87
3892 90
2207 72
8112 84
6121 61
4139 91
3932 95
5548 64
1679 50
8387 55
1369 95
4386 72
5153 53
9968 53
778 91
8206 71
7340 54
9651 83
1906 71
5337 76
609 92
48 76
4688 69
7394 51
7060 62
4515 68
2396 51
4420 55
3992 63
5830 88
3215 94
4759 96
9786 64
9137 59
518 80
9266 83
7102 77
5347 88
9940 80
401 86
5520 90
8069 80
3145 72
2534 51
7648 66
74 98
4919 54
1905 61
2244 68
714 50
7417 65
8372 92
1446 81
1339 59
7407 98
5455 52
7817 73
5656 86
6980 97
9057 56
8151 51
164 96
64 55
6586 63
1010 71
4128 67
9585 86
1035 90
30 54
7031 83
6762 53
211 80
4606 73
7989 86
7039 69
1684 50
8703 51
798 81
7442 98
172 91
1103 87
3212 99
100 78
4001 59
9820 97
1032 68
5810 74
8073 85
1755 61
7517 70
6286 65
9972 83
4204 74
107 54
4012 64
556 53
5642 54
5912 66
2784 55
1457 74
867 83
4288 71
4221 90
1902 80
2949 80
997 74
5021 50
5444 62
4459 54
788 100
3504 83
826 61
3364 94
1848 84
4790 74
2487 67
4846 65
8159 77
2549 54
504 92
8352 73
250 72
2102 92
2077 54
7438 54
3108 93
8133 71
5979 84
4176 60
5235 65
6385 55
3422 63
4737 73
5403 53
4959 79
5227 70
317 71
5191 96
5500 64
2890 100
5224 63
5865 75
8663 94
5580 76
8269 62
2707 82
5195 55
3680 52
6098 91
4815 76
6474 75
9616 97
2302 53
7978 54
6519 73
4544 51
1630 59
5915 62
2642 94
6078 61
3712 98
7018 72
4096 80
6608 55
9714 57
4295 73
3599 72
8170 70
4844 56
522 67
8055 64
3651 94
6475 80
9302 99
951 73
9446 72
4798 67
4597 74
5798 79
9097 60
5324 79
5791 98
9907 93
9470 54
3661 81
4219 71
976 70
635 60
7283 84
5516 62
5380 71
9598 78
293 67
754 68
4103 99
5958 62
2427 88
5359 52
5614 68
6852 99
761 82
6475 95
8523 90
6962 57
9406 82
3353 74
6809 99
3475 86
6783 65
8207 80
9700 55
435 75
6584 97
6049 76
7139 84
1741 95
8026 88
3228 77
2422 96
8518 55
7038 87
149 68
7044 77
9649 61
6362 67
2663 59
4882 80
6908 62
8733 51
7390 72
3081 61
9291 77
8656 67
7233 86
5426 92
6927 52
515 58
1907 96
6498 78
1673 88
2477 50
5593 90
6067 87
4028 57
6158 72
4110 99
1941 63
5874 95
2801 79
7532 60
9038 68
6244 98
8920 87
756 53
2426 69
6565 61
7699 81
60 97
9914 94
6790 68
3046 83
8020 81
268 68
4998 65
2046 94
7881 64
4511 68
5541 66
1110 82
5355 87
5301 91
2029 70
660 79
1196 85
8124 85
2111 86
5917 59
837 78
3798 62
4432 52
4932 66
3487 67
823 99
5866 82
9410 51
3172 84
8034 76
7461 63
4270 64
2893 51
1088 97
5099 74
5267 92
4449 84
433 90
6540 84
4888 60
7870 95
9966 79
4683 93
4776 93
4213 98
8406 87
8517 100
3164 76
2402 76
2118 94
4646 63
4054 71
74 50
2591 99
4340 90
7370 54
4926 54
1382 53
257 93
858 72
4216 97
9214 57
2144 73
4516 64
1691 88
8318 81
5677 81
2080 50
4833 69
6420 67
2247 96
6422 51
8020 99
201 84
1771 88
977 59
2908 84
2864 77
7393 74
3686 95
6649 72
6494 83
8522 61
5408 83
3124 74
3267 65
3177 71
9991 74
7182 80
6282 60
3697 91
5571 95
5782 53
4587 54
2405 75
6693 69
7579 82
6163 90
4793 79
154 58
7460 77
2804 80
5997 61
1431 59
6280 58
3675 100
9396 54
916 100
5309 60
7902 87
5969 93
2744 84
2036 99
559 79
7561 54
4306 70
2712 82
8920 84
8544 95
526 88
9637 84
969 53
3923 83
3394 80
5279 91
6946 70
3702 66
4278 62
5646 70
4589 58
7389 80
6603 73
8964 51
739 57
1509 99
3912 95
3345 98
8170 92
1548 87
3280 88
201 64
7865 58
4758 90
6194 54
1474 95
8656 85
805 87
1982 95
7042 61
2612 78
4804 93
6790 51
5948 88
399 79
7173 64
7014 73
4191 54
8268 57
7040 74
4126 67
8122 86
4021 57
8440 68
1558 98
8209 80
1892 50
5859 53
1948 90
4565 94
2343 71
2574 53
6506 92
3167 97
4799 71
6268 82
6795 67
3786 94
8549 56
7161 77
3692 62
716 52
5602 97
125 75
7008 60
2996 55
6061 79
1274 62
3134 100
5748 77
3555 96
1707 70
5347 98
9869 64
1132 80
1178 93
9962 67
375 63
7927 87
20 88
6493 54
8708 89
8027 50
5385 79
9038 63
4474 76
8411 94
8539 51
2234 50
3517 67
5265 52
1201 72
596 51
1870 82
2028 90
2937 93
1307 55
3072 62
6507 95
5785 96
9342 63
2306 97
8101 94
8247 92
7918 91
1385 62
665 94
3603 96
3710 54
6680 56
8243 61
6942 55
8255 93
3866 59
6297 67
3704 76
185 86
1194 56
6602 53
3097 91
3820 78
8706 69
4576 88
1728 73
9449 85
3489 97
6166 74
2624 88
8054 85
4279 55
6271 53
3845 72
9878 92
7494 54
7254 97
3050 87
233 50
7976 87
6277 70
6246 94
4371 94
1689 54
6270 52
9666 58
26 55
7711 63
912 57
8793 65
1251 61
5064 55
9037 73
8457 73
7710 54
3920 54
973 68
2493 82
8890 91
4011 81
2714 99
7394 93
4762 78
3155 63
2040 66
2762 90
8633 93
8547 84
3443 58
7845 50
7323 83
6577 55
2923 79
2219 55
497 63
6991 52
3200 57
6657 68
9667 64
5077 70
9851 80
8989 53
5954 100
3677 75
7320 60
5404 58
1945 75
1734 82
9058 57
9585 66
2444 93
2736 96
3290 68
951 69
5005 74
5973 51
5844 89
1504 61
2826 76
3844 86
7714 63
8219 90
7175 95
4273 58
7540 60
7729 83
9708 56
6156 95
5972 80
8758 64
7720 89
9535 73
177 64
1216 98
9367 74
4757 88
7885 96
1294 76
7282 100
5676 61
8806 59
5536 95
7911 78
4368 90
7514 54
7569 72
1194 61
8408 90
8695 53
4850 87
8845 56
4074 69
4861 77
530 82
9708 73
1163 82
4893 55
8100 72
5111 81
2985 57
3518 71
197 99
4226 91
5171 75
4289 65
4113 95
2984 88
2745 77
3553 83
4903 58
1619 52
3991 97
4817 97
6993 71
5598 72
993 85
8651 82
6699 76
1614 70
3209 68
572 76
143 96
7196 56
2171 72
9748 73
9905 100
288 77
4951 52
7133 91
6094 78
3186 88
3670 97
4448 73
6929 90
7545 68
1485 55
4375 68
2995 63
9284 90
1052 97
3483 57
6985 50
388 84
1717 74
8269 56
3688 66
7476 82
3705 60
9547 65
499 81
9783 60
4647 70
6243 81
6896 88
9701 92
4891 84
8374 93
6713 95
8611 87
6242 51
1304 73
675 70
2051 78
5124 85
9947 97
9242 85
8266 68
2967 90
1878 57
2498 99
6582 89
6484 95
5172 76
988 99
3955 72
9546 51
871 51
584 81
2021 90
8467 89
8518 87
3700 71
784 53
549 82
9961 93
6587 75
8272 56
775 57
8235 73
740 69
3295 88
5153 55
1122 95
306 59
3690 60
1444 87
1405 72
7996 64
4378 53
4997 98
1286 54
4200 60
5653 54
9844 66
9552 67
7287 60
7566 78
3591 73
2475 79
5713 97
8620 87
5464 90
9521 75
6118 93
8907 97
7743 72
7346 78
67 72
3283 57
4357 60
8365 100
161 57
3610 93
149 87
1054 91
7882 84
750 97
1212 52
2712 77
3874 91
9832 96
485 60
5572 65
3273 57
359 78
4261 56
5208 85
8551 83
2009 72
3497 66
9628 80
654 51
5062 71
8122 94
9029 52
3383 99
3418 75
5226 57
6638 67
6485 84
3635 86
9429 100
2103 95
8588 67
9936 83
1020 91
499 85
6678 52
4093 88
5828 63
3778 90
8221 67
7500 84
3600 92
8470 82
5698 82
6851 75
8928 57
2030 69
3355 99
9194 98
9153 85
1051 59
1284 68
4466 75
6133 88
2140 54
9193 93
3240 91
7679 64
2393 56
8089 65
7896 67
5228 100
5090 55
9303 67
3432 59
4435 51
3836 93
9129 70
3745 61
6165 55
1341 82
455 62
9505 63
2130 50
4717 55
9089 56
5255 95
1477 55
9780 97
5121 86
9745 97
9518 87
5065 91
5553 63
8132 69
1268 66
9759 81
3103 65
8716 92
6688 78
1519 60
8599 57
213 66
5282 54
4849 59
982 91
6115 76
2635 50
1952 70
2099 88
321 85
5699 68
9751 72
8272 97
7489 68
3977 100
9784 78
1501 87
5116 64
6896 72
2237 81
9853 58
9966 77
9953 50
6140 100
8080 84
4308 57
1570 94
2638 50
8630 52
5077 92
9227 52
5757 64
910 75
126 80
8229 97
7200 59
5194 93
6691 58
7397 69
24 77
4165 58
8269 58
9428 91
2468 55
3680 59
7866 65
7744 96
3835 93
9633 62
6931 54
7514 98
2075 62
7746 77
6225 80
2615 81
7871 64
83 81
5615 98
6661 56
3138 85
9415 71
3676 55
1919 96
3774 72
4256 74
5022 68
49 58
2362 83
6148 86
9221 54
8395 78
9995 79
9853 74
3036 72
6079 62
9811 68
2160 56
6449 50
8351 79
5742 69
9306 57
4222 96
5418 96
5921 91
6947 70
8079 87
9897 55
8568 83
5400 59
3118 69
5257 67
2085 66
8970 100
2360 99
3211 66
8144 92
7443 93
7513 92
8299 67
8584 67
9198 81
8911 52
1102 54
4713 52
1145 96
9084 61
1111 58
4885 62
5767 82
6590 50
8432 84
7923 71
3537 57
2969 100
1654 99
788 74
8128 70
103 74
9537 67
4350 94
7922 82
1310 93
7894 95
7251 55
96 71
1111 77
342 56
4514 92
2537 56
9828 73
438 99
839 59
8570 60
2782 73
7894 59
361 98
4007 87
2339 84
251 69
1648 98
156 55
669 59
8537 71
8881 50
4133 85
691 92
4105 100
3964 63
3179 90
935 97
2091 73
8508 69
2548 75
3372 81
3399 89
8194 61
1800 86
4682 57
610 62
4268 75
3429 63
7929 85
697 92
1907 66
1411 71
7741 69
2087 95
8446 86
6587 66
4720 79
7476 100
8374 51
9409 73
226 64
