999999
1100
996 100
990 100
997 99
997 99
999 99
996 99
994 100
993 99
996 99
999 100
990 99
991 99
991 100
998 100
993 100
993 99
994 100
991 99
994 99
997 100
996 99
993 99
994 100
995 100
998 99
993 99
998 99
994 100
999 99
990 99
992 100
995 99
992 99
991 100
998 99
992 100
996 100
998 99
991 99
999 100
992 100
995 99
999 99
991 99
999 99
999 99
999 99
996 99
990 100
994 99
997 100
995 99
997 100
995 100
995 99
994 100
993 99
997 100
998 100
999 99
997 99
993 100
996 100
997 99
991 99
992 100
993 99
991 99
991 99
995 99
997 99
996 99
991 100
999 99
997 100
991 99
999 99
993 99
995 100
990 100
995 100
995 100
998 100
995 100
993 99
992 99
991 99
995 100
999 100
993 100
990 99
993 100
991 100
993 100
998 100
993 99
997 100
999 99
999 99
996 100
998 100
998 99
994 99
992 100
994 99
991 100
997 100
994 99
993 99
996 100
990 99
993 100
998 99
991 100
990 99
999 100
994 100
994 99
993 99
994 99
994 99
997 99
999 100
999 99
995 99
990 99
993 99
990 99
992 100
992 100
990 99
995 99
996 99
994 99
994 99
994 99
994 100
991 100
995 100
998 99
996 99
992 100
991 99
996 100
993 99
999 100
999 100
999 99
991 100
996 99
995 100
997 100
992 100
990 100
994 100
993 100
994 100
999 100
990 99
991 100
994 99
998 99
995 99
998 99
996 100
999 100
993 100
992 100
999 99
991 99
998 100
996 99
991 99
998 99
998 99
998 99
997 99
994 99
991 100
996 99
999 99
997 99
992 100
996 100
993 99
998 99
999 100
996 100
990 100
998 99
991 100
996 100
997 99
998 100
998 99
990 99
998 99
998 100
998 99
994 99
992 100
999 99
994 99
993 100
994 100
993 99
995 100
992 99
992 100
994 100
999 100
990 99
990 99
992 100
994 99
996 100
994 99
997 100
999 99
990 99
991 100
997 99
990 99
996 100
996 99
994 100
991 99
996 99
998 100
992 100
993 100
999 100
998 100
998 99
996 99
998 99
993 99
994 99
994 99
991 99
996 99
994 100
998 99
999 100
999 99
991 100
995 100
994 100
997 100
992 100
994 100
997 100
993 100
995 100
992 99
993 99
991 100
998 99
993 99
991 99
996 100
993 99
991 99
996 99
997 100
994 99
990 99
999 100
997 99
996 100
995 100
997 99
996 100
995 100
995 99
993 99
997 100
993 100
998 100
999 100
992 99
998 100
996 99
999 99
994 99
994 99
994 99
991 99
999 99
996 100
990 99
995 99
996 100
998 99
993 100
990 100
992 100
994 99
994 99
995 100
993 99
996 99
999 99
991 100
997 99
998 99
991 100
994 100
999 99
999 99
999 100
995 99
998 99
997 100
996 100
993 100
996 99
995 100
995 99
995 100
997 99
994 99
997 100
996 99
990 99
998 99
996 99
995 100
994 99
995 100
992 99
990 100
997 99
992 100
999 99
999 99
992 100
994 99
992 100
997 99
998 100
994 99
996 99
995 99
991 99
999 99
991 99
990 100
994 99
991 100
991 100
993 100
995 99
996 100
995 100
999 99
994 99
992 99
997 100
991 99
990 100
990 100
991 100
993 100
996 99
990 99
993 99
994 100
993 99
993 100
997 100
990 99
991 100
992 100
999 99
998 100
998 100
999 99
992 100
993 100
992 99
993 99
990 99
998 99
995 99
995 99
993 99
996 99
998 99
997 100
999 100
998 100
997 99
996 100
998 99
997 100
996 100
997 100
996 99
996 100
998 99
992 100
992 99
992 100
995 100
999 99
993 99
991 100
991 99
998 99
990 100
991 99
991 100
998 99
993 100
994 99
999 100
991 99
990 99
997 100
995 99
994 100
990 100
995 99
997 100
997 99
997 100
994 100
993 100
993 99
998 100
992 100
991 100
998 100
993 99
997 99
995 100
997 100
995 100
991 99
993 99
997 100
999 100
993 100
991 100
992 100
995 100
999 100
998 99
993 100
994 99
993 99
999 99
997 99
994 100
996 100
997 99
995 99
991 99
994 100
997 100
993 100
991 99
991 99
996 100
997 100
996 99
993 99
996 99
991 100
991 100
990 99
997 99
990 99
991 99
990 99
999 99
997 100
998 100
994 100
995 99
994 100
997 99
999 99
993 100
991 99
996 99
999 100
990 100
994 100
997 100
999 99
992 99
993 100
996 99
991 99
996 99
993 100
999 100
994 100
997 100
992 100
997 100
999 100
997 99
998 99
992 100
990 100
998 99
996 100
994 100
990 100
990 99
995 100
999 100
991 99
995 100
995 99
996 99
997 100
998 100
997 99
996 100
999 100
992 99
999 100
993 99
994 100
995 99
997 100
995 100
993 100
995 100
994 100
995 99
991 100
999 100
991 100
995 99
991 99
996 100
991 100
990 99
995 99
998 99
990 99
991 100
993 99
991 100
994 100
993 99
997 99
997 99
994 99
991 99
996 99
994 99
994 99
993 100
999 100
995 100
997 99
990 100
996 100
999 99
995 99
994 99
994 99
998 99
993 100
990 99
994 100
996 99
997 99
991 99
995 99
991 99
994 99
991 99
991 100
994 100
992 100
993 100
993 99
996 100
993 99
997 99
999 99
993 100
995 99
993 100
998 100
991 99
997 100
995 100
994 99
992 99
990 100
990 99
992 99
993 99
995 99
997 99
994 99
996 99
993 100
994 99
994 100
993 100
993 99
994 100
990 99
991 99
997 100
995 100
991 100
992 99
994 99
996 100
996 99
991 99
990 99
990 100
990 100
992 100
992 99
990 99
995 100
992 99
998 99
995 100
996 99
995 100
991 99
992 100
993 100
990 99
992 99
994 99
990 100
994 100
990 99
990 100
991 99
998 99
994 100
998 99
996 99
993 100
997 100
992 100
992 99
993 99
997 99
994 99
992 100
990 99
999 100
997 99
999 100
990 99
992 99
998 100
992 99
997 99
997 100
993 99
998 100
990 100
991 99
990 100
995 100
996 99
996 100
995 100
993 100
996 100
995 99
992 100
991 100
999 100
997 100
998 100
992 100
991 99
998 100
998 100
997 99
996 100
995 100
995 100
995 99
998 100
996 99
990 100
997 99
998 99
993 99
996 100
990 100
993 99
993 99
996 99
998 99
993 100
998 99
995 99
997 100
995 99
994 99
990 99
991 99
994 99
992 99
990 99
996 100
999 100
992 100
995 100
992 99
991 99
996 99
996 100
992 99
999 100
995 100
996 100
991 99
995 100
993 100
999 99
992 100
995 99
999 99
991 99
997 99
990 100
997 99
993 100
996 100
993 100
997 99
997 100
994 99
991 99
997 99
998 99
991 99
995 99
990 100
999 100
997 100
998 100
992 100
998 99
994 99
993 100
990 100
993 99
990 100
996 99
993 99
996 100
999 99
998 100
993 100
994 99
999 100
997 100
994 100
996 100
992 99
994 99
998 100
999 100
996 100
996 99
990 100
998 100
994 100
999 99
999 100
995 100
991 100
995 99
996 99
991 99
993 99
991 99
992 100
997 100
996 99
992 100
993 100
994 99
999 99
993 100
991 100
999 100
992 100
990 100
992 100
995 100
994 100
992 100
993 100
997 99
999 100
991 99
993 100
999 99
990 100
999 100
997 99
994 99
992 99
997 99
990 99
998 100
995 99
991 100
991 100
997 99
992 100
992 99
994 100
998 99
991 100
993 99
995 100
997 99
998 99
999 100
998 100
994 99
993 99
994 99
996 99
993 100
995 100
991 99
990 100
992 100
996 100
997 100
998 100
992 100
995 100
994 100
995 100
994 99
999 99
999 100
992 99
990 99
998 100
999 99
997 99
998 99
992 99
997 100
991 99
996 100
997 99
996 100
997 100
998 99
993 100
994 100
995 99
990 100
991 99
991 100
991 100
993 100
995 100
993 99
994 99
998 99
999 100
997 99
995 100
995 100
997 99
993 100
996 100
991 99
998 99
999 100
999 99
990 99
994 99
997 100
995 100
991 100
998 99
994 100
995 100
993 99
996 99
990 99
997 100
991 99
999 100
990 100
996 99
994 100
991 99
991 100
993 99
994 99
999 99
990 100
997 100
996 99
996 100
995 99
991 100
990 100
990 99
998 100
995 99
993 99
995 100
992 99
991 99
994 100
993 99
997 100
992 99
995 99
997 100
998 100
995 99
996 100
997 99
994 100
998 100
996 99
994 99
998 100
993 99
999 100
996 100
999 99
997 99
995 99
995 100
998 99
991 99
994 100
994 100
993 99
994 99
999 99
990 99
990 100
991 100
991 99
990 99
993 99
997 100
995 100
993 99
994 100
991 100
998 100
994 100
990 100
997 99
991 100
996 99
996 99
994 100
998 100
995 100
998 99
995 99
997 100
991 99
990 100
997 99
990 100
994 99
998 99
999 99
999 100
995 99
992 100
992 99
990 99
996 100
994 100
998 100
999 99
990 99
993 100
996 99
998 100
996 100
997 100
995 99
993 100
997 100
998 99
992 100
994 100
991 99
991 100
996 100
994 100
993 99
996 100
995 99
991 99
996 100
999 99
991 100
991 100
998 100
991 99
998 100
990 100
998 99
993 100
998 99
997 100
990 100
994 100
999 99
994 99
999 99
994 99
998 100
997 99
995 100
992 99
990 100
994 99
990 100
991 100
998 100
993 100
999 99
990 100
996 99
995 100
993 99
996 100
997 99
996 99
998 99
996 99
997 99
991 100
998 99
999 100
994 100
990 100
999 100
994 99
996 100
992 99
990 99
998 100
994 100
999 99
997 99
994 100
990 99
994 99
995 99
993 99
995 100
995 100
995 100
998 99
998 99
999 99
999 99
992 100
994 99
994 99
993 100
996 100
996 99
998 99
991 99
990 99
999 99
995 100
997 99
993 99
991 99
990 100
993 99
994 99
992 100
993 100
994 99
