116
3
115
0 1
1 2
1 18
1 22
1 28
2 3
2 30
2 32
2 33
2 36
3 4
3 39
3 43
4 5
5 6
5 44
6 7
7 8
7 46
7 47
8 9
8 49
8 50
9 10
10 11
11 12
12 13
12 53
12 55
12 57
12 61
12 62
13 14
13 67
13 68
13 69
13 70
13 74
13 76
13 78
13 80
14 15
15 16
15 82
15 85
15 90
15 93
16 17
16 95
16 97
16 102
16 105
17 106
17 112
18 19
18 20
18 21
22 23
22 24
22 25
22 26
22 27
28 29
30 31
33 34
33 35
36 37
36 38
39 40
39 41
39 42
44 45
47 48
50 51
50 52
53 54
55 56
57 58
57 59
57 60
62 63
62 64
62 65
62 66
70 71
70 72
70 73
74 75
76 77
78 79
80 81
82 83
82 84
85 86
85 87
85 88
85 89
90 91
90 92
93 94
95 96
97 98
97 99
97 100
97 101
102 103
102 104
106 107
106 108
106 109
106 110
106 111
112 113
112 114
112 115
