250
54
250
0 72
0 234
0 204
1 2
1 216
1 184
3 95
4 245
5 22
5 35
5 164
5 104
6 99
7 98
7 69
7 163
8 148
8 157
8 34
9 72
10 244
11 60
11 145
12 71
12 185
12 227
13 175
14 240
14 192
15 118
15 95
15 93
15 222
16 197
16 43
17 180
17 54
18 59
18 117
19 152
19 243
20 83
21 101
21 102
21 189
21 28
23 76
23 31
24 66
24 158
24 30
25 178
25 231
26 151
26 115
27 132
28 155
28 87
29 31
30 151
31 59
32 69
33 195
34 174
34 124
36 178
37 174
38 172
38 201
38 55
39 161
40 55
41 215
41 189
42 71
43 225
43 204
44 187
44 55
45 115
45 97
45 230
46 51
46 183
46 210
47 57
47 66
48 190
48 158
49 214
50 66
52 174
53 91
53 139
54 135
54 123
55 83
55 122
56 199
56 147
56 167
57 166
58 161
58 228
61 113
62 241
62 121
63 193
63 137
64 209
64 141
65 116
66 206
67 82
68 159
69 80
69 104
70 211
70 87
70 77
73 159
73 125
74 223
74 134
75 146
77 183
78 163
79 132
79 120
80 86
81 231
82 100
84 119
85 168
88 213
89 234
90 122
90 96
90 205
90 145
92 202
92 154
93 247
94 167
95 176
96 204
97 128
99 200
99 212
99 129
100 137
103 226
103 131
105 243
106 237
106 188
107 117
107 243
108 161
109 130
109 142
109 162
109 157
110 118
111 242
112 185
113 129
113 138
113 231
114 182
116 169
119 212
120 205
121 248
121 230
122 233
123 160
123 244
123 246
124 248
125 217
125 239
125 227
126 127
126 182
128 222
131 184
131 185
133 231
134 222
135 194
135 224
136 219
137 147
138 196
138 229
139 221
140 183
141 232
141 203
143 206
144 198
144 174
145 171
145 214
146 225
147 191
147 220
147 221
149 202
150 200
151 213
153 231
153 249
154 169
155 167
156 218
156 165
158 242
160 175
161 181
163 176
165 224
166 210
166 192
168 227
168 176
169 195
169 198
170 215
173 228
177 196
179 215
181 235
182 209
186 196
188 192
190 228
192 219
195 243
201 207
203 239
205 245
208 214
214 230
224 230
230 238
236 244
246 249
131 198
