101
57 8
4 11
51 34
16 55
17 61
60 25
84 45
75 20
15 19
77 52
74 51
20 62
50 84
28 39
65 33
52 79
56 64
42 60
5 34
24 28
11 47
74 31
14 84
17 9
67 10
73 80
30 38
29 59
7 15
2 37
8 23
36 85
32 66
71 18
27 71
16 69
49 47
14 54
37 69
64 85
48 43
35 21
22 33
22 19
44 40
81 17
53 50
80 63
72 32
75 83
41 29
82 10
41 68
58 71
52 63
40 60
85 70
11 71
6 62
65 27
1 44
21 7
82 12
3 9
15 39
43 81
67 85
46 68
24 15
0 48
1 85
61 44
13 32
30 20
18 54
48 26
31 54
65 13
55 53
4 73
24 14
76 8
72 49
35 66
76 80
67 46
45 6
36 41
25 78
68 0
56 42
12 3
59 79
70 58
79 61
77 78
57 30
5 23
26 68
2 38
83 66
