100
26 48
43 56
12 3
0 46
14 15
76 10
30 84
38 30
37 6
34 53
36 85
21 35
7 21
2 37
51 82
60 42
63 65
77 78
3 67
18 87
55 53
4 79
49 33
59 58
11 19
66 75
5 53
2 38
56 64
35 13
19 22
39 28
63 31
33 72
11 47
12 25
29 59
70 58
20 21
47 49
16 86
61 17
83 7
17 58
71 14
40 44
1 34
8 23
72 32
32 49
66 13
89 86
74 31
65 80
70 85
27 15
24 18
22 88
39 15
41 29
31 52
16 82
43 81
45 6
83 75
54 45
51 76
26 68
9 67
59 61
84 69
4 74
33 88
67 46
64 68
48 81
50 57
73 80
5 23
35 62
57 8
1 5
56 60
27 71
87 14
69 54
10 40
77 0
44 89
84 45
82 10
24 28
43 42
52 79
9 25
50 55
20 62
41 36
25 78
73 4
