502
53 311
108 52
276 41
16 202
235 64
252 341
214 262
289 137
308 347
150 235
36 235
230 7
120 287
351 93
334 263
129 87
209 142
353 42
327 277
238 1
258 228
47 206
264 238
310 168
114 133
22 14
38 77
329 57
176 259
283 244
305 125
8 249
236 99
235 121
201 280
101 191
6 224
357 86
360 15
169 296
180 331
315 134
245 138
270 328
145 276
248 342
103 160
292 312
245 289
258 230
343 24
223 113
69 293
279 241
155 193
187 204
169 30
183 13
128 84
151 283
76 291
288 252
180 372
57 133
102 117
229 38
351 254
29 22
39 139
17 293
332 157
263 127
343 267
154 181
222 148
316 229
246 366
73 167
327 241
278 289
84 261
373 261
33 53
64 144
150 294
88 107
215 219
61 127
320 346
336 77
297 151
234 333
229 342
320 123
254 191
4 332
20 39
74 263
310 354
17 164
11 69
194 351
160 198
133 27
364 174
299 15
56 321
363 192
101 52
113 151
343 21
12 187
200 263
360 284
243 158
242 346
25 311
126 287
317 146
55 39
98 369
212 82
361 69
323 130
309 297
307 313
12 154
113 159
105 149
83 45
338 223
271 330
46 154
261 186
5 265
241 26
149 318
259 163
25 33
76 367
347 315
143 329
232 180
180 339
309 301
119 103
184 197
370 13
78 221
32 210
91 319
90 30
177 371
314 54
208 97
348 343
178 236
263 151
230 95
56 146
136 56
98 303
236 172
320 268
248 362
366 15
374 253
285 267
288 133
141 237
332 44
82 31
308 313
274 24
23 122
247 31
226 227
237 53
49 226
188 286
275 27
216 298
273 352
324 140
244 170
218 238
73 174
133 363
144 320
222 47
306 35
164 209
318 171
344 93
103 219
28 211
96 273
3 21
59 166
272 207
260 267
226 79
152 173
240 99
49 171
182 165
252 273
115 2
107 349
176 106
145 356
7 271
352 213
136 183
86 285
20 54
186 6
124 355
156 135
133 226
37 41
166 153
203 220
227 252
226 249
110 69
103 367
186 60
256 73
62 203
178 221
194 231
58 308
10 248
323 197
225 5
8 53
196 53
147 240
117 68
78 85
299 260
268 195
216 336
272 186
353 58
120 44
67 263
43 16
369 71
63 282
168 33
44 122
313 317
275 104
188 93
157 265
84 162
236 266
229 71
365 200
108 18
211 85
267 177
151 365
41 185
152 55
152 132
141 354
331 339
19 126
181 50
331 251
197 206
187 50
68 349
232 5
85 135
223 158
17 142
53 354
370 230
81 371
152 333
32 99
275 96
192 143
125 301
70 208
290 110
250 22
57 352
236 356
116 143
359 45
314 98
74 337
2 281
341 326
217 242
3 333
234 146
197 347
134 7
79 259
243 355
190 223
330 308
139 299
141 249
205 204
111 148
295 248
90 216
51 107
222 184
213 104
307 239
189 234
292 323
121 335
177 284
53 122
244 46
281 59
250 195
44 1
261 26
231 302
261 359
40 101
135 145
114 326
162 175
257 56
207 123
257 102
42 91
308 136
305 263
49 16
75 350
43 163
368 305
298 38
77 342
114 352
79 53
112 214
308 35
319 347
113 92
60 175
138 72
320 97
287 23
304 83
25 247
202 328
251 338
9 70
161 156
330 253
88 343
109 366
165 226
248 357
140 300
269 267
18 302
172 233
1 5
278 272
267 303
111 347
157 179
350 115
62 98
306 197
14 36
345 196
92 48
29 34
5 157
204 297
73 119
182 270
124 127
127 190
155 179
222 262
101 169
94 235
290 11
361 322
98 325
199 40
36 320
147 233
228 146
101 90
251 61
114 66
34 185
358 345
9 224
118 205
159 124
193 225
128 129
236 156
131 120
299 65
249 79
161 210
75 2
256 197
220 295
67 113
215 291
245 279
130 100
50 368
10 325
68 89
73 103
15 234
308 95
199 344
362 54
230 239
214 364
337 113
360 81
316 248
112 206
100 340
80 286
212 25
118 170
230 374
153 329
189 109
373 304
251 372
106 227
358 25
80 300
14 250
350 110
331 157
0 259
52 63
72 45
201 341
66 280
308 68
218 332
312 308
89 366
70 84
84 121
234 348
294 278
19 122
94 278
269 246
196 31
115 116
173 274
85 14
266 99
87 137
76 198
335 217
131 332
334 151
264 4
194 324
371 65
79 105
14 37
132 98
322 115
138 304
340 308
234 51
167 76
255 358
115 153
80 199
222 103
245 277
258 321
48 331
110 209
145 28
282 296
40 231
0 328
336 101
287 255
