12 14
80 37 246 73 244 119 132 80 238 53 19 126
247 24 108 46 178 229 39 148 11 188 204 245
2 229 103 71 80 74 159 215 192 22 213 116
6 84 238 126 250 233 151 38 217 82 128 253
190 67 155 249 18 14 155 115 246 72 193 136
134 112 50 70 140 119 131 46 110 140 146 41
228 176 97 90 164 232 216 174 38 59 83 8
45 113 146 58 214 83 139 84 19 143 221 55
186 171 131 99 94 143 32 118 24 96 13 188
52 228 116 10 152 57 227 252 171 165 39 103
2 83 137 212 172 113 219 42 234 220 9 198
36 34 58 154 30 155 73 252 10 91 149 180
8 199 219 193 216 23 232 169 140 127 3 18
71 33 197 238 60 206 129 220 70 86 156 73
