16 20
132 219 42 252 173 196 238 107 116 170 205 190 68 130 172 138
78 3 245 212 177 43 176 70 126 79 187 64 20 161 70 227
46 115 113 106 244 100 176 153 238 243 33 31 54 200 91 102
176 247 83 186 155 139 15 220 46 37 247 102 210 139 84 189
106 233 173 234 156 53 26 138 198 86 157 232 94 200 126 18
250 139 17 15 56 70 89 103 208 171 239 216 143 69 111 159
196 117 75 194 37 211 74 167 122 173 249 64 62 123 42 69
20 233 103 103 134 49 48 56 82 245 241 58 177 82 22 56
214 9 199 120 79 130 254 79 124 81 151 58 89 161 229 0
108 123 151 6 230 83 205 237 110 146 233 46 22 142 142 104
246 135 63 126 95 201 225 116 10 145 171 236 210 83 100 41
166 183 167 211 198 221 41 19 182 36 23 86 142 238 38 94
114 207 203 33 174 23 221 243 132 171 57 170 243 168 46 203
158 35 199 101 106 127 190 52 206 47 233 214 157 2 100 44
188 52 69 64 160 116 194 152 208 21 145 157 132 151 226 184
104 255 89 168 243 72 100 124 78 17 145 48 43 174 172 177
54 69 37 49 86 152 123 87 138 116 121 238 216 100 120 134
126 43 225 37 204 30 34 154 16 51 227 85 162 17 96 19
160 207 145 199 41 156 131 34 150 19 195 211 87 62 111 222
42 21 219 82 143 87 56 244 208 181 55 214 188 75 228 217
