8 37
172 141 12 134 51 28 6 65
114 242 219 228 92 60 244 90
168 129 1 73 166 69 39 189
30 97 169 146 177 92 230 77
144 207 173 8 97 21 184 74
144 251 45 204 99 29 184 122
54 178 203 198 236 240 12 148
180 117 17 204 37 92 206 60
186 251 67 138 17 200 210 55
22 49 157 114 194 131 232 114
78 151 157 192 240 83 128 171
8 94 83 156 92 102 192 56
208 169 105 114 155 61 164 167
204 121 145 238 102 173 18 155
200 161 155 255 14 50 53 77
50 71 245 111 252 2 185 23
230 139 207 48 74 50 186 191
244 85 215 220 70 31 61 231
82 113 249 250 152 227 170 115
226 201 107 167 34 242 71 197
114 88 179 220 246 82 196 160
236 213 197 236 157 216 154 145
36 107 55 212 89 131 163 16
14 132 197 210 212 176 132 168
42 47 89 216 80 22 10 49
198 79 199 188 205 59 116 112
78 213 209 104 137 5 64 34
230 98 141 138 132 186 134 158
224 97 143 242 53 7 76 211
56 91 183 227 241 198 190 1
46 60 107 104 114 44 152 40
160 141 97 1 40 164 24 212
88 87 29 104 179 206 218 234
124 223 223 2 159 127 233 227
136 243 87 209 76 9 48 208
28 25 175 218 85 59 193 173
166 197 5 173 224 234 121 105
