193
1 4 7 18 36 73
2 5 30 54 92 149 169
3 1 11
4 1 167
5 1 93
6 1 45
7 1 1
8 6 14 36 74 79 180 193
9 1 26
10 1 145
11 4 3 126 137 170
12 1 191
13 1 70
14 3 8 63 82
15 1 73
16 1 34
17 1 100
18 4 1 19 104 188
19 1 18
20 5 21 27 68 141 155
21 1 20
22 1 158
23 1 81
24 1 73
25 5 27 66 85 101 163
26 3 9 135 190
27 7 20 25 55 105 121 125 175
28 1 100
29 1 159
30 1 2
31 1 136
32 1 62
33 1 145
34 6 16 49 60 122 126 168
35 1 151
36 6 1 8 100 108 125 136
37 1 73
38 3 77 97 175
39 1 121
40 2 113 152
41 1 62
42 1 96
43 1 71
44 1 156
45 4 6 108 140 176
46 1 177
47 4 71 81 116 191
48 1 52
49 1 34
50 1 156
51 1 74
52 3 48 59 126
53 1 124
54 1 2
55 1 27
56 1 143
57 1 151
58 1 121
59 1 52
60 1 34
61 1 151
62 5 32 41 92 123 154
63 1 14
64 1 129
65 1 79
66 1 25
67 1 159
68 1 20
69 1 129
70 3 13 108 109
71 6 43 47 88 95 103 173
72 1 167
73 6 1 15 24 37 130 132
74 2 8 51
75 1 175
76 1 143
77 1 38
78 1 178
79 4 8 65 146 186
80 1 93
81 6 23 47 89 134 181 184
82 1 14
83 1 96
84 1 178
85 1 25
86 1 161
87 1 93
88 1 71
89 1 81
90 1 167
91 1 161
92 4 2 62 143 156
93 4 5 80 87 152
94 1 156
95 1 71
96 5 42 83 119 133 177
97 1 38
98 1 177
99 1 143
100 5 17 28 36 106 161
101 1 25
102 1 159
103 1 71
104 1 18
105 1 27
106 1 100
107 1 193
108 5 36 45 70 111 151
109 1 70
110 1 121
111 1 108
112 1 167
113 1 40
114 1 124
115 1 182
116 6 47 124 125 126 135 152
117 1 183
118 1 121
119 1 96
120 1 183
121 6 27 39 58 110 118 192
122 1 34
123 1 62
124 3 53 114 116
125 5 27 36 116 133 143
126 5 11 34 52 116 167
127 1 159
128 1 129
129 4 64 69 128 135
130 1 73
131 1 177
132 1 73
133 4 96 125 187 189
134 1 81
135 3 26 116 129
136 3 31 36 148
137 1 11
138 1 143
139 1 183
140 1 45
141 1 20
142 1 191
143 7 56 76 92 99 125 138 153
144 1 157
145 4 10 33 147 187
146 1 79
147 1 145
148 1 136
149 1 2
150 1 152
151 5 35 57 61 108 164
152 5 40 93 116 150 159
153 1 143
154 1 62
155 1 20
156 4 44 50 92 94
157 3 144 162 175
158 2 22 189
159 5 29 67 102 127 152
160 1 193
161 3 86 91 100
162 1 157
163 1 25
164 1 151
165 1 182
166 1 167
167 6 4 72 90 112 126 166
168 1 34
169 1 2
170 1 11
171 1 182
172 1 193
173 1 71
174 1 178
175 4 27 38 75 157
176 1 45
177 4 46 96 98 131
178 4 78 84 174 187
179 1 182
180 1 8
181 1 81
182 5 115 165 171 179 187
183 4 117 120 139 189
184 1 81
185 1 193
186 1 79
187 4 133 145 178 182
188 1 18
189 3 133 158 183
190 1 26
191 3 12 47 142
192 1 121
193 5 8 107 160 172 185
