374
1 1 27
2 1 13
3 1 139
4 1 299
5 3 105 201 315
6 1 276
7 1 170
8 6 28 49 59 94 205 257
9 5 23 71 190 194 264
10 4 68 87 258 296
11 1 118
12 1 183
13 6 2 70 184 295 354 361
14 4 20 105 160 187
15 5 73 123 126 166 284
16 1 57
17 1 110
18 6 83 119 186 242 297 371
19 3 81 199 236
20 1 14
21 3 114 217 257
22 1 302
23 1 9
24 1 249
25 1 302
26 4 48 73 148 322
27 6 1 53 63 107 113 243
28 1 8
29 1 48
30 1 215
31 1 300
32 1 189
33 6 72 180 194 208 211 234
34 4 138 231 270 277
35 1 192
36 4 73 197 201 274
37 1 235
38 1 114
39 1 189
40 1 274
41 1 57
42 1 209
43 4 80 224 339 350
44 1 53
45 3 253 254 294
46 1 57
47 1 123
48 3 26 29 171
49 1 8
50 1 56
51 1 312
52 1 122
53 6 27 44 193 215 319 346
54 1 197
55 1 197
56 5 50 112 219 332 352
57 6 16 41 46 115 151 298
58 1 271
59 1 8
60 1 267
61 1 221
62 1 104
63 1 27
64 6 118 189 255 285 312 315
65 1 280
66 1 325
67 1 343
68 1 10
69 1 343
70 1 13
71 1 9
72 1 33
73 4 15 26 36 303
74 1 216
75 1 115
76 1 361
77 1 291
78 1 355
79 1 126
80 2 43 279
81 1 19
82 1 271
83 1 18
84 1 312
85 4 155 197 353 363
86 1 192
87 1 10
88 1 122
89 1 123
90 1 280
91 1 358
92 1 221
93 1 344
94 1 8
95 1 319
96 1 249
97 1 312
98 3 268 272 307
99 1 291
100 1 338
101 1 235
102 1 271
103 1 192
104 2 62 374
105 6 5 14 236 272 334 374
106 1 284
107 1 27
108 6 111 176 185 218 251 324
109 5 212 267 276 343 367
110 2 17 335
111 3 108 280 315
112 1 56
113 1 27
114 4 21 38 152 191
115 3 57 75 257
116 1 334
117 1 131
118 4 11 64 158 210
119 1 18
120 1 174
121 1 312
122 3 52 88 303
123 6 15 47 89 227 230 245
124 1 157
125 1 284
126 5 15 79 182 309 340
127 1 249
128 1 299
129 1 247
130 1 299
131 4 117 133 164 274
132 1 228
133 1 131
134 1 139
135 1 216
136 1 261
137 1 319
138 5 34 157 183 216 367
139 3 3 134 272
140 3 196 242 260
141 1 216
142 4 274 290 301 314
143 1 174
144 1 157
145 1 338
146 1 192
147 1 249
148 2 26 310
149 1 334
150 1 334
151 1 57
152 1 114
153 1 343
154 1 343
155 1 85
156 1 183
157 4 124 138 144 259
158 1 118
159 1 183
160 2 14 345
161 1 261
162 1 269
163 1 271
164 1 131
165 1 192
166 4 15 172 229 256
167 1 187
168 1 215
169 1 216
170 2 7 374
171 1 48
172 1 166
173 5 202 233 237 351 374
174 5 120 143 235 316 323
175 1 343
176 1 108
177 1 278
178 1 189
179 1 334
180 1 33
181 1 261
182 1 126
183 6 12 138 156 159 369 372
184 1 13
185 1 108
186 1 18
187 3 14 167 368
188 1 296
189 6 32 39 64 178 313 327
190 1 9
191 1 114
192 6 35 86 103 146 165 335
193 1 53
194 5 9 33 201 219 258
195 1 299
196 1 140
197 5 36 54 55 85 342
198 1 302
199 1 19
200 1 235
201 5 5 36 194 244 252
202 1 173
203 1 247
204 1 217
205 1 8
206 1 247
207 1 228
208 1 33
209 3 42 262 361
210 1 118
211 1 33
212 2 109 246
213 1 228
214 1 346
215 6 30 53 168 250 337 341
216 5 74 135 138 141 169
217 4 21 204 239 240
218 1 108
219 3 56 194 329
220 1 291
221 5 61 92 253 321 370
222 1 249
223 1 338
224 4 43 244 273 288
225 1 278
226 1 267
227 1 123
228 6 132 207 213 330 342 366
229 1 166
230 1 123
231 1 34
232 1 308
233 1 173
234 1 33
235 5 37 101 174 200 258
236 5 19 105 247 291 344
237 1 173
238 1 291
239 1 217
240 1 217
241 1 267
242 3 18 140 258
243 1 27
244 4 201 224 257 335
245 1 123
246 1 212
247 4 129 203 206 236
248 1 346
249 6 24 96 127 147 222 334
250 1 215
251 1 108
252 3 201 319 367
253 3 45 221 274
254 1 45
255 1 64
256 1 166
257 5 8 21 115 244 300
258 4 10 194 235 242
259 1 157
260 1 140
261 5 136 161 181 274 287
262 1 209
263 1 280
264 1 9
265 1 350
266 1 358
267 6 60 109 226 241 306 347
268 1 98
269 3 162 305 315
270 1 34
271 6 58 82 102 163 274 349
272 4 98 105 139 338
273 3 224 278 358
274 7 36 40 131 142 253 261 271
275 1 300
276 2 6 109
277 1 34
278 6 177 225 273 289 318 348
279 1 80
280 5 65 90 111 263 283
281 2 286 303
282 1 350
283 1 280
284 4 15 106 125 311
285 2 64 357
286 1 281
287 1 261
288 2 224 308
289 1 278
290 1 142
291 6 77 99 220 236 238 328
292 1 346
293 1 308
294 1 45
295 1 13
296 3 10 188 360
297 1 18
298 1 57
299 6 4 128 130 195 342 365
300 5 31 257 275 320 355
301 1 142
302 4 22 25 198 374
303 4 73 122 281 336
304 1 312
305 1 269
306 1 267
307 1 98
308 3 232 288 293
309 1 126
310 1 148
311 1 284
312 6 51 64 84 97 121 304
313 1 189
314 1 142
315 5 5 64 111 269 361
316 1 174
317 1 350
318 1 278
319 6 53 95 137 252 362 364
320 1 300
321 1 221
322 1 26
323 1 174
324 1 108
325 2 66 374
326 1 346
327 1 189
328 1 291
329 1 219
330 1 228
331 1 358
332 1 56
333 1 335
334 6 105 116 149 150 179 249
335 5 110 192 244 333 356
336 1 303
337 1 215
338 4 100 145 223 272
339 1 43
340 1 126
341 1 215
342 3 197 228 299
343 6 67 69 109 153 154 175
344 2 93 236
345 1 160
346 5 53 214 248 292 326
347 1 267
348 1 278
349 1 271
350 5 43 265 282 317 359
351 1 173
352 1 56
353 1 85
354 1 13
355 3 78 300 373
356 1 335
357 1 285
358 4 91 266 273 331
359 1 350
360 1 296
361 4 13 76 209 315
362 1 319
363 1 85
364 1 319
365 1 299
366 1 228
367 3 109 138 252
368 1 187
369 1 183
370 1 221
371 1 18
372 1 183
373 1 355
374 6 104 105 170 173 302 325
