356
1 2 65 237
2 1 150
3 3 4 156 313
4 4 3 42 138 251
5 2 23 146
6 1 96
7 3 138 305 322
8 3 52 129 190
9 3 46 191 204
10 3 235 292 341
11 1 213
12 2 141 304
13 3 219 257 271
14 1 286
15 3 44 249 345
16 1 177
17 1 295
18 1 115
19 1 180
20 1 327
21 2 262 282
22 2 120 262
23 2 5 125
24 3 101 233 287
25 3 271 309 338
26 1 123
27 4 29 208 274 298
28 2 106 149
29 1 27
30 1 342
31 1 149
32 2 203 289
33 3 142 213 347
34 3 150 192 258
35 2 49 53
36 1 85
37 3 171 205 302
38 3 126 131 346
39 1 300
40 3 56 228 233
41 1 115
42 3 4 246 291
43 4 64 174 224 311
44 1 15
45 1 114
46 3 9 133 181
47 3 108 223 278
48 3 133 141 147
49 3 35 123 129
50 3 129 181 328
51 1 285
52 3 8 319 336
53 1 35
54 2 163 283
55 1 150
56 1 40
57 2 175 341
58 1 353
59 1 167
60 1 96
61 3 114 145 318
62 2 225 350
63 1 314
64 1 43
65 2 1 262
66 1 159
67 1 184
68 1 270
69 1 200
70 1 303
71 1 347
72 2 179 329
73 1 123
74 3 121 268 321
75 1 199
76 1 172
77 3 111 144 260
78 3 161 229 337
79 3 95 148 160
80 1 182
81 2 116 241
82 3 173 202 258
83 2 152 212
84 1 345
85 3 36 286 320
86 3 249 301 342
87 1 166
88 1 294
89 2 119 124
90 1 140
91 3 107 137 258
92 1 156
93 1 172
94 1 246
95 3 79 238 262
96 3 6 60 107
97 1 195
98 1 320
99 1 114
100 2 188 216
101 1 24
102 1 216
103 1 347
104 1 317
105 3 191 213 340
106 4 28 112 270 352
107 3 91 96 275
108 4 47 119 299 355
109 1 345
110 1 353
111 1 77
112 4 106 115 186 194
113 2 192 221
114 4 45 61 99 280
115 3 18 41 112
116 1 81
117 1 320
118 1 199
119 3 89 108 226
120 1 22
121 3 74 251 350
122 1 295
123 4 26 49 73 290
124 1 89
125 3 23 168 200
126 1 38
127 1 160
128 2 197 220
129 3 8 49 50
130 3 178 189 264
131 4 38 155 247 356
132 4 139 231 312 330
133 4 46 48 173 174
134 1 211
135 1 161
136 2 167 328
137 2 91 209
138 3 4 7 181
139 1 132
140 3 90 214 303
141 3 12 48 249
142 1 33
143 1 172
144 3 77 277 299
145 1 61
146 1 5
147 3 48 153 182
148 3 79 191 254
149 2 28 31
150 4 2 34 55 331
151 1 238
152 2 83 271
153 2 147 353
154 1 335
155 3 131 168 354
156 2 3 92
157 1 324
158 1 284
159 3 66 163 269
160 4 79 127 185 222
161 3 78 135 254
162 1 182
163 3 54 159 328
164 1 321
165 1 243
166 3 87 316 340
167 3 59 136 306
168 3 125 155 328
169 2 252 259
170 1 355
171 3 37 195 294
172 4 76 93 143 214
173 3 82 133 252
174 3 43 133 205
175 1 57
176 1 331
177 3 16 263 352
178 2 130 280
179 3 72 256 354
180 2 19 201
181 3 46 50 138
182 3 80 147 162
183 1 192
184 3 67 343 352
185 1 160
186 1 112
187 1 234
188 1 100
189 1 130
190 3 8 227 308
191 3 9 105 148
192 4 34 113 183 344
193 1 244
194 1 112
195 2 97 171
196 1 291
197 1 128
198 3 270 289 338
199 3 75 118 202
200 3 69 125 339
201 3 180 295 340
202 3 82 199 320
203 1 32
204 4 9 292 299 338
205 4 37 174 211 324
206 1 303
207 1 300
208 1 27
209 1 137
210 2 213 248
211 3 134 205 296
212 1 83
213 4 11 33 105 210
214 3 140 172 289
215 3 240 327 354
216 4 100 102 234 273
217 1 244
218 1 235
219 2 13 348
220 3 128 250 340
221 1 113
222 1 160
223 1 47
224 1 43
225 1 62
226 1 119
227 1 190
228 1 40
229 1 78
230 1 301
231 1 132
232 1 286
233 3 24 40 261
234 3 187 216 254
235 2 10 218
236 2 277 325
237 1 1
238 3 95 151 317
239 2 242 271
240 2 215 253
241 3 81 300 332
242 2 239 334
243 3 165 274 288
244 3 193 217 341
245 1 261
246 2 42 94
247 3 131 255 315
248 1 210
249 3 15 86 141
250 1 220
251 3 4 121 274
252 3 169 173 312
253 1 240
254 3 148 161 234
255 1 247
256 1 179
257 1 13
258 3 34 82 91
259 1 169
260 1 77
261 4 233 245 270 272
262 4 21 22 65 95
263 1 177
264 1 130
265 1 342
266 1 321
267 1 310
268 1 74
269 1 159
270 4 68 106 198 261
271 4 13 25 152 239
272 1 261
273 1 216
274 3 27 243 251
275 1 107
276 1 313
277 3 144 236 284
278 1 47
279 1 283
280 3 114 178 312
281 1 315
282 1 21
283 2 54 279
284 3 158 277 351
285 2 51 291
286 3 14 85 232
287 1 24
288 1 243
289 3 32 198 214
290 1 123
291 4 42 196 285 323
292 3 10 204 332
293 1 352
294 2 88 171
295 3 17 122 201
296 1 211
297 1 331
298 2 27 326
299 3 108 144 204
300 3 39 207 241
301 2 86 230
302 1 37
303 4 70 140 206 314
304 1 12
305 1 7
306 1 167
307 1 356
308 1 190
309 1 25
310 3 267 332 349
311 1 43
312 3 132 252 280
313 2 3 276
314 2 63 303
315 2 247 281
316 1 166
317 2 104 238
318 1 61
319 1 52
320 4 85 98 117 202
321 3 74 164 266
322 1 7
323 1 291
324 2 157 205
325 1 236
326 1 298
327 3 20 215 333
328 4 50 136 163 168
329 1 72
330 1 132
331 3 150 176 297
332 3 241 292 310
333 1 327
334 1 242
335 2 154 350
336 1 52
337 1 78
338 3 25 198 204
339 1 200
340 4 105 166 201 220
341 3 10 57 244
342 3 30 86 265
343 1 184
344 1 192
345 3 15 84 109
346 1 38
347 3 33 71 103
348 1 219
349 1 310
350 3 62 121 335
351 1 284
352 4 106 177 184 293
353 3 58 110 153
354 3 155 179 215
355 2 108 170
356 2 131 307
