466
1 3 44 179 392
2 3 126 145 295
3 5 152 193 194 219 227
4 1 8
5 1 149
6 1 402
7 5 53 234 277 336 425
8 6 4 160 178 298 340 399
9 1 364
10 1 299
11 1 200
12 4 31 69 408 437
13 1 448
14 1 213
15 4 110 114 207 420
16 1 233
17 3 75 209 307
18 3 186 211 247
19 1 466
20 1 445
21 1 278
22 1 388
23 5 217 249 400 454 466
24 1 388
25 1 434
26 5 36 234 278 323 383
27 1 375
28 1 50
29 5 82 317 333 347 349
30 1 230
31 5 12 82 93 229 396
32 1 70
33 1 47
34 3 93 139 413
35 1 314
36 3 26 352 409
37 3 205 309 458
38 4 190 237 239 466
39 4 78 136 286 314
40 1 397
41 1 378
42 3 78 343 371
43 1 461
44 1 1
45 1 153
46 3 48 73 346
47 4 33 82 86 263
48 3 46 399 447
49 1 250
50 3 28 296 392
51 1 397
52 3 85 103 437
53 5 7 64 225 273 385
54 1 63
55 1 205
56 1 354
57 1 148
58 1 428
59 1 383
60 1 92
61 1 229
62 2 206 212
63 2 54 420
64 1 53
65 5 84 140 280 297 361
66 4 137 155 424 458
67 2 127 189
68 1 299
69 3 12 149 373
70 3 32 166 264
71 1 305
72 1 139
73 4 46 171 192 327
74 1 233
75 1 17
76 1 326
77 1 146
78 5 39 42 195 331 360
79 1 261
80 1 262
81 1 305
82 5 29 31 47 445 448
83 1 397
84 1 65
85 4 52 200 227 305
86 1 47
87 2 315 392
88 1 205
89 3 203 212 266
90 1 288
91 1 223
92 3 60 283 464
93 3 31 34 410
94 1 448
95 1 422
96 1 123
97 1 183
98 1 360
99 1 183
100 1 314
101 1 134
102 1 326
103 3 52 166 361
104 1 402
105 1 235
106 1 465
107 1 172
108 1 137
109 1 288
110 1 15
111 4 142 181 265 283
112 1 445
113 1 124
114 1 15
115 1 172
116 1 235
117 4 322 328 373 380
118 1 347
119 1 131
120 1 150
121 1 361
122 1 428
123 4 96 141 339 393
124 2 113 252
125 1 371
126 1 2
127 1 67
128 1 238
129 1 446
130 2 244 252
131 5 119 167 189 344 443
132 1 434
133 1 323
134 3 101 185 262
135 1 394
136 1 39
137 2 66 108
138 1 243
139 3 34 72 321
140 1 65
141 4 123 146 306 437
142 1 111
143 1 261
144 1 310
145 4 2 284 308 319
146 4 77 141 304 381
147 1 195
148 3 57 195 436
149 5 5 69 150 184 241
150 3 120 149 282
151 1 314
152 1 3
153 4 45 299 403 417
154 1 306
155 2 66 427
156 1 286
157 1 397
158 1 393
159 1 378
160 1 8
161 1 326
162 1 188
163 1 183
164 1 347
165 1 420
166 5 70 103 245 354 446
167 1 131
168 1 184
169 1 286
170 1 383
171 3 73 243 335
172 5 107 115 363 373 406
173 1 306
174 1 424
175 1 410
176 1 183
177 1 448
178 2 8 269
179 1 1
180 1 228
181 1 111
182 4 226 319 365 430
183 5 97 99 163 176 458
184 2 149 168
185 1 134
186 1 18
187 1 314
188 2 162 319
189 5 67 131 213 325 342
190 1 38
191 2 306 369
192 2 73 402
193 1 3
194 1 3
195 6 78 147 148 311 414 419
196 1 308
197 1 375
198 1 394
199 1 371
200 2 11 85
201 3 262 283 320
202 1 251
203 1 89
204 3 229 318 345
205 4 37 55 88 374
206 1 62
207 1 15
208 1 241
209 1 17
210 1 349
211 4 18 283 324 397
212 4 62 89 334 408
213 3 14 189 292
214 1 364
215 1 336
216 1 228
217 1 23
218 1 223
219 1 3
220 1 261
221 1 277
222 1 424
223 3 91 218 441
224 1 233
225 1 53
226 1 182
227 3 3 85 418
228 3 180 216 445
229 4 31 61 204 329
230 4 30 327 384 462
231 1 308
232 1 337
233 6 16 74 224 408 423 453
234 5 7 26 238 342 422
235 3 105 116 258
236 1 448
237 1 38
238 2 128 234
239 1 38
240 1 347
241 2 149 208
242 1 396
243 5 138 171 313 405 444
244 1 130
245 1 166
246 1 297
247 1 18
248 1 333
249 1 23
250 3 49 361 401
251 4 202 256 258 367
252 5 124 130 289 320 392
253 1 424
254 1 383
255 1 422
256 1 251
257 1 288
258 5 235 251 346 378 394
259 1 336
260 1 388
261 4 79 143 220 307
262 5 80 134 201 389 440
263 1 47
264 1 70
265 1 111
266 1 89
267 1 286
268 4 274 316 361 416
269 1 178
270 1 277
271 1 434
272 2 437 447
273 1 53
274 1 268
275 1 445
276 1 333
277 4 7 221 270 300
278 3 21 26 390
279 1 461
280 1 65
281 1 424
282 1 150
283 5 92 111 201 211 420
284 4 145 359 407 460
285 3 302 307 421
286 4 39 156 169 267
287 1 392
288 5 90 109 257 442 448
289 3 252 439 451
290 1 428
291 1 299
292 1 213
293 1 323
294 1 329
295 1 2
296 1 50
297 2 65 246
298 1 8
299 6 10 68 153 291 332 408
300 1 277
301 1 337
302 1 285
303 1 446
304 1 146
305 3 71 81 85
306 5 141 154 173 191 435
307 5 17 261 285 388 458
308 4 145 196 231 395
309 1 37
310 4 144 379 410 433
311 1 195
312 1 402
313 1 243
314 5 35 39 100 151 187
315 1 87
316 1 268
317 1 29
318 1 204
319 6 145 182 188 337 398 434
320 3 201 252 447
321 1 139
322 1 117
323 5 26 133 293 387 450
324 3 211 351 355
325 3 189 341 358
326 4 76 102 161 441
327 4 73 230 366 461
328 1 117
329 2 229 294
330 1 375
331 3 78 447 458
332 1 299
333 3 29 248 276
334 1 212
335 2 171 455
336 5 7 215 259 350 431
337 4 232 301 319 372
338 1 343
339 1 123
340 1 8
341 1 325
342 4 189 234 398 466
343 3 42 338 391
344 1 131
345 5 204 348 362 426 452
346 3 46 258 441
347 5 29 118 164 240 368
348 1 345
349 3 29 210 456
350 1 336
351 1 324
352 1 36
353 1 402
354 2 56 166
355 1 324
356 1 394
357 1 382
358 1 325
359 1 284
360 4 78 98 428 438
361 5 65 103 121 250 268
362 1 345
363 1 172
364 3 9 214 399
365 1 182
366 2 327 463
367 1 251
368 1 347
369 1 191
370 1 428
371 5 42 125 199 429 459
372 1 337
373 4 69 117 172 382
374 1 205
375 5 27 197 330 432 441
376 1 465
377 1 434
378 3 41 159 258
379 1 310
380 1 117
381 1 146
382 3 357 373 386
383 4 26 59 170 254
384 1 230
385 1 53
386 1 382
387 1 323
388 4 22 24 260 307
389 1 262
390 1 278
391 1 343
392 5 1 50 87 252 287
393 3 123 158 411
394 5 135 198 258 356 415
395 1 308
396 2 31 242
397 5 40 51 83 157 211
398 3 319 342 437
399 3 8 48 364
400 1 23
401 1 250
402 5 6 104 192 312 353
403 1 153
404 1 422
405 1 243
406 1 172
407 1 284
408 4 12 212 233 299
409 1 36
410 4 93 175 310 465
411 1 393
412 1 451
413 1 34
414 1 195
415 1 394
416 1 268
417 1 153
418 1 227
419 1 195
420 4 15 63 165 283
421 1 285
422 4 95 234 255 404
423 1 233
424 5 66 174 222 253 281
425 2 7 449
426 1 345
427 1 155
428 5 58 122 290 360 370
429 1 371
430 1 182
431 1 336
432 1 375
433 1 310
434 5 25 132 271 319 377
435 1 306
436 1 148
437 5 12 52 141 272 398
438 1 360
439 1 289
440 1 262
441 4 223 326 346 375
442 1 288
443 1 131
444 1 243
445 5 20 82 112 228 275
446 3 129 166 303
447 4 48 272 320 331
448 6 13 82 94 177 236 288
449 1 425
450 1 323
451 3 289 412 457
452 1 345
453 1 233
454 1 23
455 1 335
456 1 349
457 1 451
458 5 37 66 183 307 331
459 1 371
460 1 284
461 3 43 279 327
462 1 230
463 1 366
464 1 92
465 3 106 376 410
466 4 19 23 38 342
