524
1 1 502
2 1 199
3 1 324
4 3 156 201 317
5 3 237 283 419
6 4 144 242 303 473
7 2 97 462
8 1 206
9 2 180 342
10 1 355
11 3 213 288 362
12 1 133
13 1 523
14 1 226
15 3 182 270 393
16 3 66 99 405
17 1 495
18 1 63
19 1 318
20 3 63 308 524
21 1 115
22 3 145 168 437
23 1 400
24 4 113 335 495 517
25 1 197
26 1 235
27 2 333 480
28 1 181
29 2 103 267
30 4 58 134 411 452
31 1 36
32 1 226
33 1 127
34 3 116 231 254
35 2 107 395
36 3 31 200 439
37 1 172
38 5 369 454 456 476 492
39 1 290
40 1 328
41 1 117
42 2 260 489
43 2 210 368
44 1 185
45 1 82
46 1 380
47 1 385
48 3 162 370 460
49 1 156
50 1 301
51 2 393 486
52 1 104
53 3 293 334 462
54 1 511
55 1 449
56 3 154 226 413
57 4 59 236 345 410
58 3 30 378 386
59 1 57
60 2 311 395
61 1 68
62 3 198 304 523
63 4 18 20 274 276
64 1 495
65 1 185
66 3 16 172 409
67 1 470
68 4 61 131 146 220
69 1 490
70 2 103 400
71 4 129 413 494 501
72 1 249
73 3 198 295 499
74 1 253
75 2 256 520
76 4 212 289 310 329
77 1 225
78 1 154
79 1 345
80 4 141 385 434 438
81 1 480
82 4 45 365 367 376
83 1 477
84 1 344
85 1 471
86 1 350
87 3 314 347 463
88 4 228 270 360 490
89 4 182 316 466 487
90 1 383
91 1 508
92 4 288 293 436 452
93 1 397
94 1 246
95 1 237
96 1 128
97 1 7
98 1 185
99 1 16
100 2 168 291
101 3 135 160 431
102 1 335
103 4 29 70 262 337
104 3 52 212 404
105 1 383
106 1 296
107 1 35
108 1 133
109 1 113
110 1 419
111 1 400
112 4 143 382 483 522
113 4 24 109 153 358
114 1 304
115 3 21 143 252
116 1 34
117 2 41 488
118 1 400
119 3 352 357 467
120 1 146
121 1 419
122 1 205
123 5 157 286 309 318 442
124 1 299
125 1 290
126 3 243 268 384
127 4 33 250 414 468
128 2 96 337
129 2 71 354
130 3 206 211 433
131 2 68 516
132 1 368
133 4 12 108 135 218
134 1 30
135 4 101 133 157 361
136 4 169 321 353 379
137 1 313
138 1 393
139 1 462
140 1 152
141 3 80 356 403
142 4 152 341 380 491
143 4 112 115 241 409
144 4 6 234 305 330
145 3 22 184 428
146 4 68 120 444 455
147 1 260
148 1 374
149 1 152
150 1 468
151 1 224
152 3 140 142 149
153 2 113 158
154 5 56 78 453 514 515
155 1 360
156 4 4 49 394 439
157 5 123 135 440 469 488
158 1 153
159 2 345 401
160 1 101
161 1 178
162 1 48
163 1 213
164 1 175
165 1 225
166 1 494
167 1 263
168 5 22 100 189 202 449
169 1 136
170 1 330
171 1 442
172 2 37 66
173 1 514
174 1 282
175 2 164 384
176 1 305
177 1 334
178 3 161 187 403
179 1 246
180 4 9 194 364 510
181 3 28 196 469
182 2 15 89
183 1 317
184 1 145
185 4 44 65 98 223
186 4 315 336 341 375
187 1 178
188 3 422 459 467
189 1 168
190 1 257
191 4 225 300 478 505
192 1 423
193 1 514
194 2 180 296
195 3 436 440 492
196 1 181
197 4 25 306 359 423
198 4 62 73 327 489
199 4 2 244 297 498
200 1 36
201 1 4
202 4 168 283 341 409
203 1 379
204 1 511
205 4 122 443 459 518
206 4 8 130 277 389
207 1 314
208 1 260
209 1 434
210 1 43
211 2 130 371
212 4 76 104 235 324
213 2 11 163
214 1 518
215 1 414
216 1 223
217 1 355
218 1 133
219 1 383
220 4 68 356 423 480
221 1 360
222 1 256
223 4 185 216 232 234
224 3 151 326 331
225 4 77 165 191 458
226 5 14 32 56 249 479
227 1 257
228 2 88 504
229 1 392
230 1 337
231 3 34 262 294
232 1 223
233 1 249
234 3 144 223 413
235 4 26 212 285 364
236 1 57
237 2 5 95
238 1 418
239 2 250 511
240 1 518
241 1 143
242 1 6
243 1 126
244 3 199 262 471
245 1 434
246 3 94 179 253
247 2 450 505
248 1 286
249 3 72 226 233
250 4 127 239 383 521
251 4 293 326 394 441
252 1 115
253 5 74 246 366 433 445
254 1 34
255 1 309
256 3 75 222 270
257 5 190 227 328 356 426
258 1 420
259 2 278 524
260 4 42 147 208 266
261 2 292 390
262 4 103 231 244 275
263 4 167 348 351 480
264 3 343 349 403
265 1 355
266 1 260
267 1 29
268 1 126
269 1 418
270 4 15 88 256 283
271 1 396
272 1 335
273 1 373
274 1 63
275 4 262 364 413 492
276 1 63
277 1 206
278 1 259
279 1 318
280 1 380
281 1 330
282 2 174 337
283 5 5 202 270 387 436
284 1 296
285 3 235 388 512
286 3 123 248 461
287 1 495
288 4 11 92 356 517
289 1 76
290 4 39 125 334 519
291 1 100
292 3 261 344 422
293 3 53 92 251
294 1 231
295 1 73
296 4 106 194 284 339
297 1 199
298 1 399
299 4 124 370 397 399
300 1 191
301 2 50 524
302 1 510
303 1 6
304 2 62 114
305 3 144 176 446
306 1 197
307 1 317
308 1 20
309 2 123 255
310 1 76
311 1 60
312 1 344
313 3 137 423 465
314 3 87 207 334
315 1 186
316 1 89
317 4 4 183 307 481
318 3 19 123 279
319 1 330
320 1 510
321 1 136
322 1 420
323 1 327
324 2 3 212
325 1 368
326 4 224 251 373 406
327 3 198 323 447
328 4 40 257 332 396
329 1 76
330 4 144 170 281 319
331 1 224
332 1 328
333 1 27
334 4 53 177 290 314
335 3 24 102 272
336 1 186
337 4 103 128 230 282
338 1 477
339 1 296
340 1 372
341 3 142 186 202
342 1 9
343 1 264
344 3 84 292 312
345 4 57 79 159 394
346 1 508
347 1 87
348 1 263
349 1 264
350 3 86 395 507
351 1 263
352 1 119
353 1 136
354 1 129
355 4 10 217 265 496
356 4 141 220 257 288
357 1 119
358 1 113
359 1 197
360 3 88 155 221
361 1 135
362 1 11
363 1 469
364 4 180 235 275 433
365 1 82
366 1 253
367 3 82 392 488
368 4 43 132 325 409
369 1 38
370 4 48 299 379 452
371 1 211
372 2 340 384
373 4 273 326 457 474
374 3 148 398 501
375 1 186
376 1 82
377 1 520
378 1 58
379 3 136 203 370
380 3 46 142 280
381 1 471
382 1 112
383 5 90 105 219 250 440
384 4 126 175 372 422
385 2 47 80
386 1 58
387 3 283 502 524
388 1 285
389 1 206
390 1 261
391 1 520
392 2 229 367
393 3 15 51 138
394 3 156 251 345
395 4 35 60 350 496
396 3 271 328 432
397 3 93 299 435
398 1 374
399 3 298 299 416
400 4 23 70 111 118
401 1 159
402 3 407 469 506
403 3 141 178 264
404 1 104
405 1 16
406 1 326
407 1 402
408 1 414
409 4 66 143 202 368
410 1 57
411 1 30
412 1 418
413 4 56 71 234 275
414 4 127 215 408 500
415 1 470
416 1 399
417 1 422
418 4 238 269 412 501
419 4 5 110 121 424
420 3 258 322 451
421 1 490
422 4 188 292 384 417
423 4 192 197 220 313
424 1 419
425 1 442
426 1 257
427 1 442
428 1 145
429 1 523
430 1 508
431 1 101
432 1 396
433 3 130 253 364
434 4 80 209 245 497
435 1 397
436 3 92 195 283
437 1 22
438 1 80
439 2 36 156
440 4 157 195 383 459
441 3 251 451 477
442 4 123 171 425 427
443 1 205
444 1 146
445 1 253
446 1 305
447 2 327 513
448 1 467
449 3 55 168 509
450 1 247
451 2 420 441
452 4 30 92 370 505
453 1 154
454 1 38
455 1 146
456 1 38
457 1 373
458 1 225
459 3 188 205 440
460 1 48
461 1 286
462 3 7 53 139
463 1 87
464 1 511
465 1 313
466 1 89
467 4 119 188 448 493
468 2 127 150
469 4 157 181 363 402
470 4 67 415 496 503
471 4 85 244 381 485
472 1 518
473 1 6
474 1 373
475 1 521
476 1 38
477 3 83 338 441
478 1 191
479 1 226
480 4 27 81 220 263
481 1 317
482 1 502
483 1 112
484 1 510
485 1 471
486 1 51
487 1 89
488 3 117 157 367
489 3 42 198 492
490 3 69 88 421
491 1 142
492 4 38 195 275 489
493 1 467
494 2 71 166
495 4 17 24 64 287
496 4 355 395 470 517
497 1 434
498 1 199
499 1 73
500 1 414
501 3 71 374 418
502 3 1 387 482
503 1 470
504 1 228
505 3 191 247 452
506 1 402
507 1 350
508 4 91 346 430 521
509 1 449
510 4 180 302 320 484
511 4 54 204 239 464
512 1 285
513 1 447
514 3 154 173 193
515 1 154
516 1 131
517 3 24 288 496
518 4 205 214 240 472
519 1 290
520 3 75 377 391
521 3 250 475 508
522 1 112
523 3 13 62 429
524 4 20 259 301 387
