75
2693817707049
3171702885042
9613126423593
2874787546197
9150526888089
3089791994861
3958150014717
168432491310
4887960629916
3414361009497
2430522262746
3275975210030
5399994519839
72081366904
706898065550
1965015016904
6714164658631
313865955677
5222667502880
5559498037482
1876280529630
5982369226881
1833220734621
2136108993837
5858097599559
9298439347751
1616897937857
6665354558695
243118334690
9688100709175
77666141403
3103539545419
372074996163
8176443988037
1087237484960
8230876812913
287309016227
8665366456235
9574075668760
1888004540371
321678078017
9404452945453
1566232293720
7869851091760
9831621350045
9730683445622
8103165546445
7179978668921
2955673788059
5921612360417
1656823383191
4624392970228
8750370136108
162952590123
2983775136874
6231717753892
2257696360755
216130485691
238752436568
8033241176177
9415858862206
6581620942974
5217565614570
2034535660052
3943228048813
3643241107726
7797198507063
7379275474115
6890200861892
1456841965211
5067405855694
9770916790015
1232994721118
3180005118038
6897046513941
