32
1
01
101
0110
00111
000010
1111010
10100010
001000110
0011000110
10001000101
110010011110
1111110000011
11000000011110
011011111111011
1101111111011010
10100101101001010
001111001101010001
0000011111001000100
00001110101111010001
100110101110101100011
0110100111001111100101
11000010110011011101110
001110111001011010101000
0001001101010111011011010
01111000111111110111101010
010001111011010010101010101
0001011001101011101110111100
11101100010111110001110111111
100100101100110010011000110100
1100010110011101110100100110110
00100110001010010010001101100011
2154
4535
8685
4678
8226
9587
1349
4641
7246
4191
2765
2197
6329
7102
8843
6318
5847
2738
4305
6378
5381
7182
2897
8418
4843
2038
4998
1497
8370
8856
7887
3954
8168
