50
0
01
130
3200
05803
071010
1802021
12082781
012110103
2322103507
01317103001
003200270770
2020537102100
10800072021718
101087123020000
2313202300010707
81207035102801112
003103301150105310
1070300201137710510
30802100570200020080
002317222201222221011
8113080221031201118202
01100052581002231001330
101310111550782030180705
2000231087011001010310372
31101200281805200383001032
273021113030122173020215018
7720381211017311115010111000
01822110080113071330380371082
000203282020005138200112501220
3310102228018137002701827312200
80182030010300223030211188010211
131035011302353187211001108805711
3808502101780337251001500700000030
01030007280003020101021357307111110
213088311232110101002818020051370273
0320000810221123803023050031002010351
03502020052312203713820105017307210712
270032520213001070120000130123820150330
2338310313221011372112751000100211018820
31001120511220113110580010013251281071283
031211072150101150272032282223170010031220
1008033107300533112000001010300723101101310
11303800033205115100005027050825118033125058
251721800020100287812131307317012583235310020
7133807332021553713121000135388210115830282130
23000318230010311311121112201203031101228103825
132220707103711210301212073100072221221111703233
1112112010112210335371720271800820103081050100850
00100801321320285502713172301500001212012302017200
85
10
24
68
43
81
75
53
69
82
21
32
95
25
28
50
67
13
56
68
67
70
17
19
88
64
42
73
11
91
21
51
87
84
72
43
46
89
60
12
42
56
57
37
88
71
63
51
62
73
91
