10 50
SQUARE 78 56 96 0 255 0
CIRCLE 41 5 52 255 255 0
CIRCLE 81 0 32 255 0 0
SQUARE 29 53 82 255 0 0
CIRCLE 72 45 74 0 0 255
CIRCLE 91 62 60 255 0 0
CIRCLE 39 53 47 255 0 255
SQUARE 54 89 82 255 0 0
SQUARE 32 75 75 0 255 0
SQUARE 86 1 90 0 255 255
40 87
134 70
141 8
81 18
50 110
5 6
159 41
60 94
44 106
48 80
8 70
116 77
109 19
135 23
72 44
154 37
67 167
42 27
41 67
29 18
53 148
50 119
69 117
160 16
135 162
60 79
0 29
99 127
110 27
43 42
116 17
137 10
101 26
87 165
122 22
76 136
127 25
59 99
42 41
101 156
143 137
159 46
95 14
104 30
157 86
48 140
165 134
123 29
83 1
65 165
