50 50
CIRCLE 733 830 266 255 0 0
SQUARE 494 228 33 0 255 255
CIRCLE 938 272 3 0 0 255
SQUARE 201 570 7 0 255 0
SQUARE 260 936 24 255 0 0
CIRCLE 177 120 206 0 0 255
SQUARE 412 725 114 0 255 0
SQUARE 40 559 208 255 0 0
CIRCLE 810 84 98 255 0 0
CIRCLE 867 613 6 255 255 0
CIRCLE 845 531 146 255 0 0
SQUARE 975 325 172 0 0 255
SQUARE 489 485 69 255 0 0
SQUARE 421 758 12 255 0 0
CIRCLE 877 315 217 255 255 0
SQUARE 740 941 216 255 0 0
CIRCLE 531 794 286 0 255 255
SQUARE 280 783 76 0 255 255
CIRCLE 780 89 42 255 0 255
SQUARE 98 100 112 0 255 0
CIRCLE 91 189 128 255 0 0
CIRCLE 219 216 42 255 255 0
CIRCLE 440 784 83 255 0 255
SQUARE 276 203 199 0 255 0
SQUARE 688 278 198 0 255 0
CIRCLE 363 820 25 255 0 0
SQUARE 342 153 35 255 255 0
CIRCLE 384 734 35 255 0 0
SQUARE 608 938 5 255 0 0
SQUARE 558 97 57 255 255 0
SQUARE 627 793 200 0 0 255
SQUARE 489 501 205 0 255 255
CIRCLE 910 407 299 0 255 0
CIRCLE 764 914 282 0 255 255
SQUARE 843 358 10 255 0 255
CIRCLE 402 229 210 255 0 255
SQUARE 373 802 205 255 255 0
CIRCLE 452 601 249 255 0 0
CIRCLE 185 736 230 255 255 0
SQUARE 860 897 236 0 255 255
SQUARE 875 432 57 0 255 255
SQUARE 140 998 162 0 0 255
SQUARE 897 383 154 255 0 0
SQUARE 162 1 168 0 255 0
SQUARE 748 876 63 0 255 255
SQUARE 255 959 180 255 0 255
CIRCLE 443 541 159 0 255 255
CIRCLE 116 17 13 0 0 255
SQUARE 973 559 262 255 0 0
CIRCLE 644 786 121 255 0 255
32 618
427 62
783 207
227 835
769 464
971 283
198 763
551 636
480 46
977 124
925 119
528 275
884 922
402 442
687 398
906 201
463 847
119 290
137 156
713 978
207 4
770 270
762 455
464 78
419 139
576 188
324 704
107 82
424 382
780 931
226 13
952 647
349 176
569 227
139 943
562 991
85 801
947 171
944 948
641 810
834 871
585 105
267 141
580 328
368 963
335 948
434 831
894 87
319 997
650 639
