111000000000001000011100000100
000100010100001100010100011010
001100010001011100110010000000
001100011100000110001111010110
101000010100000111010110000000
111110010000000010011111000011
011111011111000100100001000010
010001011110011010001101100100
010010110110000010110000010110
000010001100000000100111001100
000001011010000001100100000110
000001010101100001000011000111
010000001010110100000011000100
011001000010101000110011000011
011000100110100111101010000000
000000100001000000110001000000
000000100100000010000010000000
000011100010001100100010001100
001000011000000010001000000010
100000000000000001000000000010
010011100000110001101000000010
011000011001100100000000001010
010001000001101100000000010100
010100010001101110000000100100
000001100100000011111100100000
000000000011110001101000100000
000001011011110000011101101001
000011000010000000010001101110
001110000110000100001000110010
000010000000000100010000000000
