90
20
2
00001101011100011110
10000010000100010010
00000100000011000011
01010100100000000100
00001000001100011000
10000100000000100101
00010001100001000001
01001010010000000010
00000110000000101010
01010010001000010000
10000000100101000100
10001000000001001010
00101000010011000000
10010000000010010100
10010001001000000010
01000010000010100100
00000001000110110000
00000000110010000101
00011000000010101000
01001000101001000000
00000000100011011000
00101010000000110000
00100100000010001100
00000010010110001000
00000001001011000100
00001100010000001001
00000011000000010101
01000100000101001000
01010001010010000000
00000101010000000110
00110000000101010000
00000000001000110110
10100010010000000100
00100010001001001000
00000000010001101100
10001001010000010000
00011000100000010010
01000000100000101001
00001010100000001100
01101001000000001000
00010100001001100000
10100000000100101000
00110001000000100100
00001100000001010100
00000110001100000100
00110110000000000001
01100000000001000101
01010000000100100010
00000010101000000011
00010000010000110001
00010000000100001101
00000100011010010000
10001010001010000000
00001000110100100000
00000110110001000000
00001001000000100011
01000000010100010100
00000100100100010001
10000100101000001000
00000000011101000010
00010010000001000110
10010100010100000000
00001101100010000000
10000000001001010001
00001000000110000110
00100000001010100001
00100011000010000010
01000001000001010010
10000000010010100010
00011000011000000100
00000011011000100000
00100000000000011011
00100001010100000001
00100000100001100010
00011011000100000000
10100101000001000000
01001000000010010001
01100010100100000000
01100100010000100000
01000101001000000001
10010010100000100000
00010000101110000000
00100001101000010000
00101100001000000010
10101000100000000001
10000001000010001001
00000010000101100001
00010101000000011000
00000001100100001010
00110000110000001000
01000000001010001010
