62
26
11 1 12
7 1249 1256
1 91 92
57 1 58
99 3621 3720
85 1542 1627
164 56 220
30 1 31
2 939 941
36 1069 1105
8 1199 1207
174 13 187
84 24 108
2 8 10
56 133 189
57 218 275
291 2125 2416
11 5911 5922
15 16 31
5 8 13
115 41 156
25 11 36
391 47 438
11 15 26
4 10 14
195 820 1015
37 7 44
134 104 238
47 1729 1776
89 26 115
1 3 4
4 17 21
6 3 9
1 2210 2211
3 4378 4381
1 93 94
78 18746 18824
7 307 314
4 1 5
11 428 439
8 2 10
47 27 74
5 99 104
43 99 142
1 125 126
2 5870 5872
2 87 89
5 1 6
45 26 71
195 14 209
5 19 24
1 1 2
5 9 14
61 302 363
1 159 160
304 61 365
4 48 52
72 9624 9696
14 43 57
4 33 37
6 46 52
3 2 5
