365
10
27
47
1
17
30
22
33
47
29
24
22
34
16
14
36
1
7
3
38
48
39
50
28
29
21
14
25
19
4
24
7
33
45
41
4
8
1
7
47
42
11
46
1
38
3
6
22
1
20
43
18
16
5
43
35
12
39
14
48
44
23
32
40
39
47
38
39
20
14
8
13
40
22
49
50
19
12
1
27
29
38
29
39
41
33
43
24
50
20
19
6
29
10
28
12
35
18
29
48
34
25
27
2
16
7
11
14
45
41
13
39
24
18
42
21
36
18
21
16
32
46
12
15
28
41
18
3
41
26
46
27
35
21
38
1
50
22
11
36
32
19
31
33
23
18
26
1
21
32
1
2
26
22
4
9
18
14
22
3
23
42
8
27
14
49
15
5
25
31
27
26
47
22
49
44
13
31
39
33
25
24
45
39
36
25
31
22
14
25
4
34
5
25
25
11
34
21
6
9
47
19
45
1
28
46
1
38
1
20
12
6
12
18
43
2
26
26
25
32
34
46
16
28
1
20
23
27
3
16
39
23
20
15
37
38
13
1
10
1
50
23
34
23
8
32
11
4
3
22
40
15
44
21
6
28
44
12
22
40
18
10
26
44
42
28
40
33
33
3
1
46
17
18
33
37
4
8
11
23
17
25
48
18
3
21
33
42
43
2
32
33
12
8
35
44
4
50
10
27
13
46
26
21
16
50
29
12
8
50
28
48
17
18
41
37
24
15
50
16
45
38
15
14
25
40
26
15
9
13
29
42
48
22
1
38
32
18
50
30
19
31
6
29
28
27
46
10
50
5
47
14
7
12
47
36
25
24
44
32
47
17
28
37
26
13
