250
1570777 4940542
7881461 4566154
7307933 2691607
3365532 490795
7357598 8371440
2686548 9125173
8256894 7792118
1764848 4845191
5448180 9342401
7545617 9339453
583987 6669297
2792967 9282205
379997 4503571
6150700 8575994
8371159 6150796
3727791 170195
2252483 9174300
3548329 5250694
2143736 8586973
6873327 4452957
4623653 861208
5001375 5357466
5033324 3832674
8063270 7970621
5930016 6342555
4450912 9170115
3043389 1619194
8802250 3601665
5288264 1984720
372629 1560630
1745698 1682435
6660531 9690186
3742247 4310177
3355467 2496707
2722138 1523068
7102399 7748014
6286375 8002282
2825880 6712933
3115263 1996749
55421 7259113
8326613 1510805
9999351 9294225
762224 9067223
6217234 4564119
2632876 6213056
361426 6966768
5560591 6002388
1348437 2265739
9291640 3689037
1763829 3260785
4950893 4053202
1614662 5371153
1685212 7085053
3566814 9391180
7699533 1227526
9417808 475416
6104182 6768703
8167228 1696174
5527042 8155817
7095894 4690286
1242102 7519226
8722353 780763
6550521 7242795
5372951 1735759
6526594 4350667
5912892 7130879
7995366 6309037
4504809 3637012
5008604 6731359
2184095 2895858
8180275 748647
8693585 7807319
7361629 6441706
4062270 9780931
9390826 8863977
8533155 947925
8435317 2603320
1864602 8548055
3930730 3485600
1999824 3158725
6762901 8516019
1403428 6492620
5376247 9245530
1816870 7929003
439543 8855239
4131791 5445126
5858005 8943915
5898580 6265371
9868702 2510955
585318 4341137
8055860 4334235
8018874 6114452
9016228 5890158
6946189 7209401
7516218 6349278
7851547 1450701
2017005 3858503
6088097 9547208
6887589 7299920
3093600 8925208
1246465 662749
2556908 3483673
8718962 2901049
1510126 3809164
6299449 1154103
5599824 4875784
7576921 5113684
7428622 1116104
711417 3423628
5576640 3538691
5411256 7739630
5462577 2249892
4712127 7564362
6869841 1180853
6335141 5464796
4058656 2300830
7819433 1690843
4755999 296304
8284782 3619521
2838701 8200174
4660992 5575211
4609151 1260430
9384773 309060
647273 3343682
1054186 4300106
9277512 4182311
6269217 4764637
5717398 7774
5079687 9182090
4508103 6685787
95009 5775213
5431611 6907216
9651651 885312
2889576 8723092
3532482 1882428
782380 5581172
8917612 123703
3941701 768994
8629979 655908
9825424 5944841
713719 4640928
1700704 2300071
1122711 7813382
5171376 8306779
1256047 7260923
1432850 3332828
1492621 8209877
2875761 6427422
6266279 8717793
3954343 2976083
6884756 9792457
3964114 3782190
4810141 702391
9443844 5447107
847026 8501785
5268604 3092954
8269561 9103920
2604607 5807701
9784040 6799026
3254434 7404546
7074567 4778392
7566416 4795522
6002007 1006392
3078757 9508368
2088566 9341829
4013231 4557581
7270577 2971881
5251798 5353054
5870679 6464553
5680661 4837024
1938760 9703544
3959320 6232536
1431400 4934001
8588039 2220906
6815957 565857
4357543 4004737
2552963 8356936
9153144 3425831
2265390 5390573
966045 3369532
263296 7788004
1683261 7279972
5256125 8426651
5661173 5322477
4632608 7800081
644502 9054108
6481135 2438674
1711894 6301223
9704177 3552846
5582009 5100982
2072749 4460391
9802014 8254408
2075995 6269575
5596859 5381398
3933094 9719809
3047113 5888224
417537 7198136
5881203 6387129
5246015 3074518
641526 8683720
4035935 5610687
971358 7214860
9348273 7930704
3960124 6928325
3498485 4687601
8099293 7101998
811624 1066544
4691615 2967949
5273452 234654
9306137 3604363
7323758 8040506
1894562 1161405
5368720 1098524
2827057 6777378
9754847 7937245
3744215 2606802
4027932 6874172
2665040 6216529
5657837 8088662
177757 3609933
4686307 8038675
241816 4619535
8374409 9104861
4647498 77586
5593453 5999642
3547397 3651749
9904868 8059576
6755983 3544089
1778011 5712275
7305350 5328010
749055 2996857
2673990 8377296
8359097 1497760
2329174 4868273
4036720 5060611
6931774 3860594
3602044 7486589
3465852 9040998
4439569 5495809
7425927 9310442
1571068 7713993
3305802 7377406
4593596 3530002
5298642 5164288
9749010 7310674
3184228 2321380
3059090 7715978
2723144 8061657
6574428 5460497
3907011 8373888
