600
126072 607519
426485 810155
301463 471822
103306 492315
256702 276231
802343 940543
578188 1426
720881 180853
812528 645688
874256 193238
97178 234019
465636 355467
910739 309637
91072 980589
515888 447479
343123 636232
800652 129871
884501 212747
489382 603550
330014 392903
645555 736469
734983 136530
153811 69453
279141 537947
406891 134672
947568 341534
770158 128522
938310 51677
916609 384970
917242 877909
761071 16453
544458 285924
244051 58334
316476 142043
472230 470766
311183 945175
890483 185134
947348 429624
994594 813253
140352 527959
177377 714130
966367 829917
294974 398734
57470 926238
433841 77019
812281 440792
719809 858101
195658 826878
234065 314396
445363 720948
660607 939640
634546 536834
987443 360542
441341 163907
799418 909858
38081 862425
641993 507366
73888 377820
888856 413489
829209 713151
126022 771877
766697 85743
463522 412098
589537 171790
423425 876940
199462 523002
228372 321676
478616 875027
854790 821655
911686 201365
124397 751848
730065 682680
219515 565580
464010 34237
233176 312777
700809 778629
943354 180079
88889 372680
749183 800606
524837 542821
271344 930461
290709 589015
222419 698213
154339 761280
847836 144152
40019 462934
153782 335317
458801 999839
733306 393038
47421 774430
811738 240440
96550 257345
21966 472135
99641 188547
831241 186936
73474 335382
744606 892203
593723 728853
754479 186312
260033 714083
667935 120420
214773 879705
177896 214254
650442 107419
934658 601159
168573 631793
581092 768279
816784 286358
227780 667962
502386 591106
230571 450635
836064 204604
288167 818194
825655 608383
774949 646074
949608 939142
166105 463428
176833 254278
278101 21320
351953 466627
545668 191499
873408 864877
472890 11555
800289 836682
844889 780223
929258 812865
960463 678964
185721 874444
565308 688184
26803 121573
928765 329343
814063 147273
541180 514535
90980 532283
718799 55039
906561 564299
321652 967655
227870 659571
228262 935916
749919 642515
908470 211580
162928 925177
709623 974796
152 169451
467300 69500
342022 547754
993294 969830
876271 719968
432487 455180
543116 984046
546458 433396
367476 243495
633080 576059
187204 866434
64231 355703
121518 728127
682241 905844
534217 662486
482232 80912
382015 769201
892618 659798
602899 994025
398262 814634
199039 722600
407061 522496
963263 796417
895675 313831
149909 6758
67048 675692
516021 273187
672156 123694
976132 32404
780433 753032
995486 906734
195016 320708
867577 185365
795668 208723
210724 622827
327717 97176
606456 265301
341394 728819
974354 574757
502266 679656
421350 792018
548283 736695
259163 912364
48206 12227
195484 631045
434300 748340
369816 331920
731352 355298
623636 461460
5063 318480
820235 164672
904016 451538
18513 711487
197704 585107
166797 255073
923394 192859
730147 721159
479669 967892
263334 904110
655869 785746
560749 56412
403165 405010
275967 708824
952409 257039
132736 95233
311421 623306
324145 216020
953845 768198
899015 234035
694746 328267
798823 926320
964716 613333
372352 321240
402323 873215
249520 334145
420484 964742
194593 215049
29987 921112
229110 369874
165320 399450
866662 683715
324689 847849
638452 822320
856278 991188
316760 219133
373147 152389
922614 62847
814575 284493
996860 718379
675180 937039
936191 666883
55814 781111
866509 402844
941469 600221
417354 334183
548381 663544
448206 790927
601010 244458
788528 846201
972858 356644
120021 17764
555280 943877
436215 667013
385216 185319
948817 304280
674126 938421
713276 193698
222647 824913
661417 917854
892688 26022
654042 592730
33282 460559
801232 538241
539117 909373
795988 620829
159707 572776
724286 544866
699660 20499
561227 821942
361032 48784
851319 375426
10657 394244
366929 16360
19422 882532
511567 770784
256268 490794
5835 53706
144377 71105
789003 417402
546252 477821
866350 388409
861687 441227
13289 226133
649879 374339
246276 154454
453846 46708
925391 244928
270066 631274
355074 65613
304895 466252
91701 993125
656073 177821
596578 648016
294974 800710
840802 826202
973626 698029
377459 23851
288560 419854
853334 792487
278067 918645
996272 708139
365218 541002
548239 327028
769165 987111
133725 654923
352832 535237
577513 42942
245435 597700
86939 94927
40660 451771
66833 826807
321402 384129
168713 543588
173212 626907
720873 422191
22889 238601
627437 726586
955794 401329
549796 694254
833536 640059
34092 69372
338733 907908
767377 808332
129919 778554
329841 827889
789667 611922
361399 626751
213217 247975
631048 899553
611887 786615
943397 730630
822067 345991
448132 846780
121670 389170
747536 607241
94316 567894
190473 689715
158589 865737
67369 708514
434608 710159
701665 580495
470248 258794
994362 282574
640227 109873
97722 558308
486457 616181
53577 107740
939438 937779
365445 202642
877806 108289
219581 517200
304515 135544
18917 151583
79670 448445
839562 392602
515929 541973
609241 132610
655111 181192
190885 126128
974688 988207
35877 365338
968729 154183
756719 903106
186546 658584
417577 938740
148454 21613
816084 41048
174852 811669
746676 39860
723342 940606
613603 536019
818008 35063
672618 716651
642861 716673
199460 413529
253068 567971
538871 194491
606777 530376
11466 958694
38757 867074
231998 634135
764631 34512
408886 409191
729145 514152
492433 618199
879916 49647
661574 234568
873551 767959
83610 584020
996486 305529
348209 696769
228695 548222
619404 882582
493311 676907
723812 989263
145911 406256
909393 136407
168612 144490
379472 885964
679207 84494
397318 93700
655532 275277
436133 496165
949264 596385
640139 231702
38870 361186
589471 417989
693922 368422
803420 949145
16066 480933
554371 310418
737503 877682
833378 305822
325465 657278
845193 662729
319296 391118
306699 916750
451070 970296
371936 330221
835799 866929
956335 789013
805342 956995
32668 226400
571836 813692
524791 601352
690240 878645
338952 414329
422398 919548
906014 169658
341607 469336
123768 723631
440078 561574
502757 616009
273094 592828
550340 934690
282232 884591
348441 64502
953243 829438
965461 517866
277499 998978
820784 524079
572944 390699
622395 893094
883076 988712
709083 986691
290399 916760
936088 184000
762137 843657
987839 668565
876827 649959
727386 480761
575075 134253
896486 753019
128545 197741
863168 697142
848709 232115
828301 955136
759698 599054
805699 209769
964401 146614
91159 721831
744767 690597
847269 601426
389000 595424
818600 905230
241152 832771
225068 995220
761815 756057
181739 302926
289482 899891
886483 662767
346304 255804
580913 545641
462952 65214
406425 817058
656938 349099
680459 430926
516860 318564
446019 759473
779708 904127
990918 951004
875660 842790
185880 840453
18988 774670
199955 943477
487225 345053
367470 14613
23989 368490
606667 505569
172637 189880
932393 123637
474784 740149
823463 55707
104731 713174
762262 424060
740911 334036
375591 200692
459709 409841
690642 292118
664783 582483
950387 372345
603578 782409
783831 484095
767700 924148
826675 534436
398753 514003
868639 808165
727941 449518
449334 128898
346059 286270
423054 572500
938490 303192
204826 829679
313527 1306
239608 714472
316175 176695
200589 603310
545718 386384
721464 87029
304496 710975
254486 37159
495978 961249
277672 980923
189211 394285
360104 889485
778895 129961
46781 595181
428724 589040
609492 339850
201346 722788
96864 833339
690593 650310
927004 474104
397951 658296
325298 499154
680982 708993
996240 125058
70322 521863
513008 693130
655637 584296
446651 308131
209439 763970
375635 969922
708974 462989
707168 140684
966560 910183
997994 606758
552118 437041
931317 314407
30513 644398
738414 154304
511266 726551
51597 902019
467801 877950
545976 293906
904459 431523
330448 522758
986856 949383
646369 908971
787903 953868
740965 665495
498920 913160
721033 193272
302210 810125
132610 274002
665396 470334
29436 565246
494445 415736
415461 535814
845146 470151
405814 134888
543608 563328
931102 184279
485113 68805
699341 478666
775231 740289
769134 522823
533760 570042
20706 517871
714970 135029
35285 811093
899200 692004
108221 367155
701622 166690
980465 614581
322544 505732
233049 122510
256738 639633
459669 212488
291858 572932
325829 691752
491021 171920
405453 182994
783253 874099
425941 935604
316928 376084
872766 840763
683029 962823
129813 583774
132455 380839
740258 288450
718412 408076
446149 617938
942778 673993
337755 462108
604317 993509
353641 72350
