101
0
00
000
0019
11020
000210
0402110
00010267
320020000
1918012705
59331920122
414110210412
3550001175000
07100228080411
185001021221003
0034902130306310
63113012073750911
300000063081010740
2121400361791390000
29782413080100010208
890001000180132402510
0007000617040008008229
99230030311211093000500
003082300305101560520020
1050121296002100271008117
09930142570916600320002034
004890000007170004420007020
8002001010735051270701037220
39009010030490114260207520215
005013027200140101120200200200
0082010281100800973023260065086
16511603192002232930500054023100
850316611112717000810012011011511
2220002200802480817400140305021027
40831025710010920102410020000360501
002002100210929110003001132901206001
7000890500040013000260901014145011023
01010421701702063122159005022130019085
000310031012517000250001309380501071000
5192411130080020930790100331005003770332
01160011311011100014001033291201400011306
040060710201001925025109072070001010572202
1657930300011903200010321001071080991320112
41341112428000002154007212005210593030656015
301130083311027101032939301101221209061091018
1079011647530361020206114081231300003011390016
76201238313200700090001217040091100010101320210
021203190120000032002101501513010001403511076023
9325116104007303050295309716703011010802101181013
16130810107001907680000823030000001081230611290000
532320150322013000361010410068037700040738020203030
2001130202720180000221016221301963141703601191107991
00054125034000702030019821403261000100322001904002127
110003023140178200110230221030440904810101635230692302
5101100571150302111100112810350600001729112856033000639
42160600385322003111210130716000003109821215214242208745
005218000111147021137309230011120210026010284001900022613
1350040017814644570610103110047179012102985150725015001621
80900011200214025912016332100511011048116220100307130162120
442000038100200122002083322002008815131021210020159613012014
7859311012311296100261311108101081000103002021118033001201400
33012104013608010128101602097110025406013124030011000010103056
016134002201210370356440263100030930001020163554928141151203499
2301009117330000700022400002011203203030010493010305510570201300
20100123661190110090100620181200012092225524081001076110606207613
709100930613501402019030020220281000212707006701410508011125148000
0102002016031102052144408228062350900210202160020110152206041226203
31049107120060220082051080007022003005000112000533310014015200090110
321000402120100910000002811118000212900001023920600020060100011180101
3170011010304558200121122064001228024101083210441121210304211310513600
11220010010901135002760982714100801879106100257098740191095620000101003
038324500627210300612121611008002151701036023012100080901094502110312233
4116993342800420154051000174200023110010122610200061210300306850231513060
11618161502480261000002014611131602005107050100108004230005732010100011861
101217155031010222003009120080001157230100060010112030050249057013220200603
8030018020011190109123013642321102015510197100001300613500010200061120012301
66043105001201092104111000110029222031074322000600125829002600023708921500000
150012400080610200000800394021012515100102125095200600010100410019006110318321
6231700028218033016100116623524001123601010310000007000813212100627011111000004
00788000003091600123085001221100261006370004600060127797100560357202102330111371
910220003121211190104213011080156001413100670001849109100310011492180070063000061
3020303320120331022902929250034427121069806200601216116238715201816004070030001226
00007200062200716005019231004126100120000180002001532600932410400000005192120009220
003408093169010030201100009440004820030121201200110109005143021621304100436708613746
1811183050062101982100010600011401311170781120910412130388810604010400700400110100210
28000013000233020010100010681100110240002161012112100718363112103001012200011710700726
109000002011402200071127160365500809758113700696330001072045100000223701300101320148025
8301010734200110038015075410139122211200570103110500211100150111110220782601103013000002
16055910400252287000111024129002910091200720202031010105200100301041034018109722101002206
073424070010459187104210102050061608100200054008402000846101602108200002001021092926796140
0020000900006733011121106180008230020131220111211103130340008000227010600711000002000390220
04001815050241318270221010262310393001309010211100370041100720062731942000993000069102201311
030600131111206110100640727020031100018003000100003000233221131901101908008274100682301131320
5079000067710523004001902420402142025004012030600013000003107028124333236022540011024240081160
86180101204121411200120210520729906338010902071211700991000089001000321219328130301800001610160
700000601091030203720301000562003330251810900202100180770113001020001110013107010300763800321710
2030894089103160021860101906011013034840090000107296002100850123501401103511104021600173284102511
71190000610311310220101013124821406106005220602062412293006017692030200142017009202986711011000009
200460199001902318007230170440610751023110619012110360107200011843010610074034103614460200000201239
0651500021098811101031501527103009210568199022012511430021050751360000131201500938003100000020261001
14100702119128410194703571224001113293490032150111171603200060101310121118101021370210016601310101810
25
24
27
15
13
19
12
27
13
20
27
20
13
24
11
27
11
12
24
22
13
24
19
13
13
22
29
21
12
16
21
25
15
18
27
28
24
20
17
19
21
18
18
29
19
24
20
13
13
18
19
28
18
16
11
15
29
13
13
16
19
20
15
13
20
23
10
18
21
20
16
19
23
22
21
10
21
12
20
21
24
23
19
22
11
11
17
13
10
12
25
16
21
10
19
13
28
25
23
13
21
19
