400
400
0 22
1 241
2 294
3 397
4 279
5 335
6 87
7 264
8 157
9 264
10 107
11 131
12 211
13 395
14 284
15 368
16 178
17 90
18 107
19 344
20 325
21 67
22 225
23 115
24 108
25 390
26 113
27 156
28 73
29 226
30 306
31 23
32 178
33 277
34 178
35 70
36 276
37 33
38 187
39 32
40 157
41 70
42 178
43 238
44 135
45 287
46 47
47 138
48 275
49 382
50 393
51 247
52 110
53 81
54 300
55 347
56 9
57 345
58 84
59 216
60 310
61 26
62 57
63 76
64 25
65 299
66 48
67 174
68 50
69 50
70 87
71 282
72 196
73 343
74 86
75 365
76 372
77 152
78 143
79 111
80 156
81 379
82 37
83 106
84 274
85 317
86 77
87 171
88 353
89 175
90 94
91 142
92 199
93 314
94 157
95 122
96 124
97 365
98 68
99 275
100 322
101 80
102 266
103 140
104 316
105 182
106 212
107 377
108 390
109 253
110 364
111 44
112 211
113 3
114 60
115 9
116 45
117 245
118 89
119 133
120 95
121 111
122 287
123 342
124 7
125 250
126 288
127 386
128 250
129 326
130 50
131 43
132 323
133 225
134 44
135 306
136 347
137 272
138 163
139 147
140 380
141 17
142 376
143 10
144 55
145 80
146 144
147 125
148 305
149 99
150 55
151 190
152 345
153 55
154 148
155 142
156 349
157 12
158 52
159 164
160 303
161 4
162 35
163 241
164 191
165 309
166 164
167 209
168 261
169 305
170 338
171 53
172 146
173 162
174 153
175 164
176 309
177 160
178 88
179 25
180 252
181 152
182 366
183 24
184 1
185 14
186 215
187 48
188 254
189 6
190 1
191 41
192 16
193 22
194 151
195 371
196 285
197 88
198 0
199 70
200 145
201 35
202 156
203 205
204 283
205 286
206 142
207 303
208 166
209 243
210 139
211 243
212 8
213 91
214 5
215 270
216 211
217 372
218 394
219 226
220 133
221 14
222 258
223 222
224 22
225 44
226 74
227 72
228 137
229 172
230 63
231 352
232 186
233 211
234 16
235 300
236 291
237 135
238 200
239 375
240 380
241 124
242 191
243 267
244 275
245 169
246 324
247 326
248 168
249 281
250 293
251 65
252 230
253 78
254 88
255 284
256 94
257 319
258 115
259 8
260 381
261 183
262 378
263 99
264 203
265 240
266 318
267 326
268 113
269 252
270 94
271 167
272 256
273 94
274 95
275 24
276 331
277 367
278 349
279 111
280 212
281 60
282 60
283 311
284 41
285 222
286 2
287 297
288 238
289 221
290 382
291 249
292 12
293 256
294 307
295 399
296 221
297 262
298 9
299 68
300 20
301 4
302 33
303 375
304 91
305 19
306 126
307 166
308 64
309 317
310 302
311 129
312 226
313 298
314 158
315 254
316 176
317 362
318 24
319 382
320 211
321 249
322 301
323 375
324 368
325 332
326 376
327 26
328 307
329 119
330 82
331 322
332 319
333 386
334 174
335 186
336 220
337 314
338 254
339 7
340 344
341 154
342 387
343 51
344 126
345 341
346 247
347 353
348 101
349 33
350 174
351 27
352 36
353 376
354 395
355 250
356 394
357 191
358 111
359 137
360 165
361 45
362 377
363 342
364 44
365 200
366 81
367 71
368 125
369 337
370 224
371 4
372 99
373 321
374 253
375 132
376 227
377 194
378 160
379 85
380 325
381 99
382 341
383 390
384 120
385 56
386 258
387 165
388 299
389 189
390 151
391 150
392 330
393 159
394 380
395 260
396 219
397 313
398 240
399 212
