400
800
0 180
0 253
1 232
1 120
2 286
2 259
3 159
3 91
4 213
4 194
5 101
5 117
6 48
6 88
7 394
7 312
8 324
8 299
9 42
9 387
10 217
10 93
11 383
11 97
12 342
12 111
13 219
13 132
14 238
14 58
15 320
15 18
16 141
16 252
17 120
17 167
18 126
18 146
19 102
19 328
20 14
20 326
21 83
21 241
22 324
22 21
23 237
23 48
24 10
24 131
25 227
25 311
26 147
26 266
27 359
27 383
28 244
28 135
29 222
29 267
30 395
30 296
31 90
31 342
32 207
32 14
33 158
33 198
34 109
34 314
35 277
35 116
36 68
36 5
37 381
37 129
38 379
38 374
39 241
39 330
40 118
40 278
41 262
41 197
42 119
42 321
43 328
43 191
44 262
44 3
45 130
45 395
46 310
46 120
47 121
47 103
48 371
48 275
49 46
49 329
50 264
50 379
51 35
51 171
52 67
52 180
53 7
53 361
54 376
54 96
55 2
55 11
56 173
56 64
57 369
57 340
58 3
58 330
59 163
59 129
60 124
60 203
61 156
61 386
62 317
62 8
63 353
63 209
64 266
64 358
65 171
65 108
66 296
66 30
67 241
67 160
68 49
68 22
69 14
69 168
70 119
70 365
71 240
71 168
72 377
72 34
73 276
73 18
74 248
74 253
75 110
75 173
76 150
76 236
77 380
77 315
78 179
78 309
79 396
79 268
80 326
80 166
81 304
81 166
82 130
82 97
83 397
83 387
84 9
84 292
85 191
85 55
86 228
86 313
87 395
87 103
88 262
88 258
89 222
89 128
90 172
90 325
91 252
91 160
92 312
92 292
93 15
93 238
94 355
94 175
95 175
95 397
96 391
96 336
97 43
97 52
98 104
98 4
99 384
99 128
100 236
100 333
101 189
101 304
102 267
102 228
103 283
103 55
104 26
104 200
105 263
105 390
106 78
106 370
107 302
107 264
108 188
108 109
109 53
109 217
110 205
110 258
111 0
111 222
112 146
112 102
113 385
113 121
114 178
114 85
115 36
115 384
116 293
116 44
117 159
117 307
118 119
118 385
119 210
119 397
120 347
120 158
121 233
121 229
122 348
122 36
123 269
123 279
124 212
124 305
125 4
125 260
126 193
126 156
127 273
127 109
128 249
128 377
129 91
129 164
130 5
130 22
131 135
131 214
132 291
132 74
133 16
133 5
134 361
134 36
135 280
135 88
136 354
136 118
137 286
137 85
138 103
138 283
139 133
139 222
140 132
140 223
141 251
141 45
142 378
142 3
143 257
143 227
144 370
144 344
145 39
145 236
146 145
146 364
147 189
147 32
148 372
148 32
149 253
149 75
150 10
150 90
151 289
151 263
152 367
152 33
153 24
153 374
154 231
154 275
155 192
155 181
156 388
156 116
157 45
157 21
158 285
158 44
159 235
159 55
160 312
160 241
161 139
161 314
162 362
162 297
163 295
163 378
164 101
164 96
165 5
165 14
166 53
166 0
167 178
167 297
168 339
168 45
169 1
169 184
170 305
170 56
171 233
171 213
172 333
172 189
173 324
173 99
174 304
174 330
175 52
175 267
176 277
176 63
177 372
177 24
178 207
178 174
179 11
179 269
180 125
180 123
181 346
181 30
182 58
182 135
183 242
183 226
184 243
184 252
185 61
185 108
186 269
186 268
187 201
187 284
188 115
188 374
189 1
189 324
190 10
190 390
191 11
191 182
192 42
192 384
193 150
193 291
194 308
194 72
195 391
195 84
196 392
196 200
197 75
197 137
198 147
198 127
199 342
199 102
200 202
200 392
201 138
201 46
202 88
202 16
203 261
203 269
204 339
204 326
205 121
205 220
206 264
206 91
207 62
207 275
208 223
208 390
209 204
209 256
210 72
210 250
211 208
211 325
212 381
212 365
213 23
213 181
214 303
214 21
215 145
215 138
216 318
216 329
217 121
217 52
218 162
218 228
219 199
219 288
220 97
220 343
221 139
221 89
222 198
222 232
223 74
223 174
224 388
224 379
225 294
225 380
226 340
226 312
227 304
227 180
228 236
228 24
229 303
229 205
230 53
230 247
231 290
231 162
232 247
232 294
233 50
233 9
234 73
234 130
235 60
235 243
236 103
236 122
237 301
237 203
238 296
238 199
239 312
239 57
240 356
240 21
241 240
241 171
242 6
242 239
243 340
243 219
244 387
244 289
245 315
245 393
246 251
246 66
247 208
247 299
248 89
248 365
249 275
249 220
250 348
250 107
251 96
251 367
252 57
252 339
253 177
253 363
254 369
254 216
255 109
255 299
256 73
256 99
257 38
257 365
258 230
258 52
259 344
259 341
260 114
260 205
261 63
261 273
262 33
262 297
263 141
263 390
264 233
264 28
265 314
265 4
266 280
266 326
267 310
267 201
268 365
268 396
269 384
269 149
270 262
270 26
271 332
271 21
272 26
272 102
273 195
273 250
274 185
274 385
275 157
275 294
276 135
276 335
277 7
277 167
278 105
278 21
279 10
279 217
280 223
280 53
281 95
281 180
282 102
282 14
283 268
283 261
284 257
284 295
285 366
285 168
286 59
286 157
287 228
287 164
288 202
288 167
289 73
289 321
290 240
290 98
291 95
291 279
292 330
292 395
293 317
293 311
294 101
294 292
295 100
295 233
296 343
296 82
297 95
297 46
298 356
298 129
299 181
299 41
300 175
300 222
301 318
301 291
302 306
302 54
303 290
303 105
304 172
304 6
305 354
305 134
306 199
306 230
307 293
307 173
308 199
308 55
309 379
309 250
310 146
310 98
311 64
311 373
312 295
312 215
313 96
313 373
314 341
314 190
315 38
315 187
316 227
316 286
317 359
317 287
318 330
318 264
319 92
319 75
320 109
320 222
321 204
321 106
322 356
322 349
323 55
323 225
324 164
324 180
325 141
325 138
326 279
326 107
327 111
327 131
328 345
328 234
329 294
329 196
330 241
330 155
331 28
331 213
332 13
332 222
333 387
333 282
334 49
334 266
335 138
335 184
336 103
336 211
337 287
337 365
338 324
338 44
339 287
339 35
340 68
340 188
341 390
341 396
342 229
342 102
343 336
343 399
344 389
344 117
345 381
345 287
346 63
346 143
347 249
347 291
348 105
348 191
349 271
349 395
350 380
350 219
351 33
351 89
352 50
352 240
353 180
353 153
354 14
354 372
355 131
355 70
356 233
356 341
357 172
357 182
358 266
358 134
359 348
359 286
360 213
360 338
361 48
361 206
362 91
362 26
363 327
363 40
364 199
364 296
365 174
365 205
366 354
366 331
367 206
367 214
368 328
368 323
369 293
369 267
370 274
370 273
371 396
371 338
372 391
372 98
373 158
373 380
374 42
374 94
375 132
375 126
376 305
376 92
377 97
377 224
378 323
378 244
379 193
379 172
380 323
380 351
381 398
381 132
382 288
382 79
383 371
383 249
384 329
384 199
385 24
385 206
386 121
386 370
387 232
387 284
388 258
388 88
389 266
389 239
390 366
390 384
391 286
391 377
392 179
392 226
393 264
393 5
394 91
394 6
395 80
395 336
396 193
396 368
397 137
397 384
398 305
398 297
399 331
399 244
