500
500
72 34
25 454
7 427
435 432
158 142
5 146
486 267
473 354
168 214
179 429
195 358
246 163
2 23
230 484
308 1
99 335
427 374
117 80
396 167
471 440
159 185
294 482
480 126
223 76
94 93
59 190
176 236
184 214
268 181
43 195
155 366
126 187
110 413
264 124
336 94
346 411
183 273
197 208
316 163
384 323
14 151
141 380
480 383
71 74
106 413
399 400
470 41
249 0
377 159
302 377
472 348
9 436
363 214
135 391
126 26
60 395
194 440
497 284
454 284
188 59
431 328
89 474
90 341
412 495
6 51
7 161
179 273
40 411
130 205
69 450
204 399
491 217
152 36
273 465
107 483
396 334
15 444
109 342
477 22
420 391
331 208
122 273
17 120
300 242
411 339
246 114
325 207
432 374
375 28
461 252
453 471
219 215
232 471
90 460
59 246
431 371
209 107
141 353
43 394
196 112
191 95
282 122
366 482
11 243
321 3
234 349
105 369
385 107
413 323
29 383
151 307
347 314
133 422
369 291
238 44
318 47
428 94
125 391
144 118
411 287
270 15
106 2
290 40
55 96
182 86
243 339
258 458
136 23
43 13
429 19
103 295
321 148
146 198
328 251
188 43
153 384
257 153
202 473
180 171
77 161
370 352
60 489
499 55
492 382
360 56
30 281
158 33
497 285
157 230
69 198
51 317
492 298
267 479
489 44
93 115
181 154
491 314
403 158
444 166
125 285
450 464
321 456
65 192
66 62
448 189
182 150
99 477
284 295
378 300
319 326
383 339
72 260
292 82
322 278
411 407
253 96
314 266
486 466
73 86
217 368
376 123
261 314
21 470
357 250
7 83
353 120
341 52
121 456
217 28
88 405
169 377
305 111
447 227
464 77
12 447
153 96
25 357
346 201
77 82
352 405
163 210
377 368
434 436
444 103
306 123
149 243
291 413
268 276
269 364
369 343
316 74
394 140
142 261
357 1
260 2
96 336
415 339
157 416
490 298
25 185
210 319
311 324
455 59
195 7
399 234
497 45
493 421
220 458
191 242
107 265
453 447
98 499
309 39
189 225
492 330
58 355
418 98
267 82
14 110
485 90
348 284
418 434
220 158
380 319
424 39
131 288
273 428
69 264
380 184
109 117
232 134
326 44
369 271
234 117
456 408
343 404
284 4
311 248
401 359
71 307
446 315
470 303
247 410
98 364
143 107
16 487
499 287
100 198
305 468
323 435
351 207
123 5
55 217
53 147
276 482
188 29
218 73
183 365
286 162
158 409
450 248
183 28
9 288
431 495
175 407
358 184
375 182
209 395
186 151
84 314
100 12
90 310
24 21
81 303
55 82
248 414
103 469
480 213
53 275
81 16
141 277
3 220
108 499
335 153
369 41
246 176
446 494
401 31
383 352
152 51
202 435
410 56
7 470
184 241
260 95
78 426
0 146
412 253
177 133
15 333
378 211
443 366
234 411
222 345
255 150
24 259
63 399
459 115
48 281
272 33
19 83
285 325
24 494
117 116
466 405
472 84
315 432
10 65
198 352
250 379
314 451
333 175
34 92
109 438
225 127
25 28
410 114
164 497
427 70
306 267
173 338
327 7
202 205
71 277
62 53
57 257
63 257
5 448
211 481
142 254
338 55
175 392
416 392
186 398
107 336
448 19
339 265
112 416
364 61
486 396
414 99
150 446
172 236
390 179
255 365
225 352
300 321
453 451
52 418
304 319
68 444
155 178
242 233
146 33
391 340
252 215
35 226
327 455
105 244
244 220
217 429
177 296
371 258
96 470
110 55
128 119
27 278
400 139
384 16
350 77
240 318
158 410
392 189
360 152
263 98
404 32
275 460
72 451
217 269
437 77
237 9
62 52
129 407
148 446
347 283
364 336
436 427
160 272
451 490
229 457
231 436
300 484
446 454
38 120
103 186
6 221
397 138
154 255
298 5
383 476
179 246
324 289
374 346
365 133
194 123
147 498
184 315
193 133
221 438
328 397
331 315
475 483
348 21
434 51
197 146
277 439
465 217
398 476
416 68
425 459
272 336
433 52
301 419
237 317
215 379
62 495
23 285
39 213
490 361
71 92
154 324
327 253
401 61
484 180
204 435
62 108
413 222
121 332
34 238
21 213
358 166
331 266
397 153
319 180
413 203
289 358
204 434
264 164
397 360
148 398
64 377
20 179
64 211
59 143
82 475
257 221
1 359
7 256
350 433
461 125
9 154
98 395
183 369
0 79
364 133
113 121
80 402
334 60
6 242
383 244
