500
400
451 386
138 34
157 293
266 240
458 23
75 133
120 165
167 315
16 57
21 355
284 449
245 470
436 417
229 401
183 337
434 60
204 98
148 31
233 39
349 265
453 169
38 235
116 113
259 490
284 418
445 247
413 224
353 271
332 341
133 151
352 329
376 200
295 197
452 186
290 36
337 14
134 369
235 496
22 159
3 4
274 405
297 302
128 264
295 422
494 477
484 368
173 309
346 482
162 370
0 278
400 144
372 146
248 36
54 428
480 315
142 19
289 416
228 153
291 452
277 19
410 483
251 36
419 498
408 202
335 310
361 371
276 409
462 162
2 209
158 227
228 479
429 435
327 497
472 301
348 192
218 129
263 94
14 115
73 446
28 488
168 84
345 471
70 229
5 439
77 499
107 283
496 439
147 371
484 426
239 146
395 229
57 154
47 245
417 273
130 250
275 486
79 76
288 483
333 9
312 168
13 475
5 86
0 142
433 107
464 188
363 150
256 487
460 382
286 309
136 5
38 169
66 254
128 176
487 377
8 43
379 181
25 146
322 316
159 377
109 464
95 231
99 247
31 218
278 291
454 20
486 317
412 488
496 432
330 315
179 314
195 240
30 298
110 233
53 32
256 153
187 329
215 102
17 345
413 230
72 369
96 364
380 231
142 475
314 413
233 258
434 98
130 287
483 325
415 41
239 161
482 222
371 389
258 111
289 140
258 36
33 72
114 322
113 153
347 415
492 262
200 273
133 52
332 322
80 468
287 82
440 469
323 264
100 408
415 90
53 422
165 276
443 322
118 153
258 365
424 132
327 143
244 472
452 315
237 75
55 256
99 239
105 257
244 12
311 432
341 84
245 136
432 498
11 72
149 122
360 45
163 407
440 53
374 457
153 435
188 31
77 3
436 478
0 143
484 386
196 251
168 19
369 487
282 358
358 297
58 406
134 157
345 485
137 57
259 87
160 485
398 360
216 259
412 183
365 135
396 125
254 218
449 369
65 354
290 343
36 81
423 310
30 282
468 45
377 131
388 349
348 18
69 314
191 238
241 305
73 287
230 203
88 266
211 392
160 497
59 33
218 445
188 484
408 335
465 70
23 405
170 323
123 303
86 73
150 448
225 424
164 398
381 138
187 372
319 305
187 328
472 99
6 129
0 448
43 399
224 302
491 176
79 478
491 371
45 331
433 181
452 121
182 4
392 363
62 496
95 423
253 393
390 327
366 112
336 91
456 9
141 391
147 491
55 119
226 262
114 226
61 382
207 336
41 215
443 86
252 356
275 387
307 177
462 244
114 41
422 390
414 395
255 459
179 247
0 68
192 15
92 167
350 25
243 275
216 492
271 225
338 267
119 178
90 225
57 266
474 332
381 322
484 180
497 153
101 144
335 491
447 324
268 478
210 265
68 471
197 360
358 354
374 450
87 133
434 32
20 293
218 57
134 497
37 76
369 278
190 19
295 124
472 485
138 416
286 406
122 132
421 213
162 19
39 317
59 125
476 325
453 310
163 44
358 305
494 283
392 82
216 453
204 471
449 218
180 436
380 312
259 206
10 325
19 492
457 148
278 349
128 387
430 385
268 348
209 275
435 229
51 228
372 304
129 405
369 288
489 448
320 253
449 87
160 91
128 243
44 102
116 277
370 381
430 212
117 351
375 61
398 183
273 454
82 494
50 36
299 493
422 74
118 498
123 16
183 289
109 413
227 483
266 118
364 475
208 266
117 126
16 242
304 422
172 112
481 385
240 58
198 55
488 190
77 132
321 70
285 181
434 460
428 144
189 440
379 451
260 265
59 114
312 363
158 187
235 321
66 80
