500
250
369 71
240 303
351 308
65 18
431 191
234 272
95 72
341 173
93 52
273 305
191 395
302 454
57 327
114 156
431 409
352 266
307 367
221 205
357 454
288 182
360 497
122 82
292 403
267 456
273 230
430 393
438 44
217 105
433 135
385 240
329 432
190 92
118 220
16 488
280 322
253 341
80 400
58 458
144 292
350 482
89 49
182 423
278 458
400 465
164 310
396 92
44 146
41 342
8 309
168 376
107 379
220 239
455 67
135 39
86 66
323 87
273 6
73 29
164 456
290 307
85 458
320 449
358 134
47 274
78 333
413 224
135 164
411 89
127 478
478 239
309 64
57 457
90 55
357 298
111 26
489 58
270 452
383 418
353 202
341 267
240 280
247 185
230 397
168 276
482 459
194 19
234 29
496 138
103 247
262 219
283 419
55 171
250 398
252 452
251 409
46 382
398 202
6 345
135 58
343 111
32 29
420 161
212 339
85 162
3 487
6 370
420 201
347 231
165 95
14 110
9 106
366 154
333 484
155 68
332 152
243 275
172 384
170 139
346 362
403 411
195 230
241 439
208 349
131 129
231 421
165 173
223 103
244 60
292 2
304 322
29 266
469 251
167 385
5 361
464 128
204 428
99 294
50 410
177 250
173 213
299 139
482 402
367 27
123 253
215 200
495 81
104 48
303 308
253 439
159 467
281 475
246 138
332 23
75 294
12 294
133 0
461 149
221 411
493 144
478 189
49 282
291 220
422 464
89 399
474 70
220 67
362 299
423 402
229 466
167 216
427 428
122 269
71 297
105 293
358 448
453 194
175 347
359 231
84 483
100 101
274 268
213 374
14 1
475 58
267 434
453 102
229 337
354 95
180 372
71 38
167 21
120 475
3 406
450 89
97 178
422 157
154 369
268 478
105 355
8 445
346 239
303 9
77 271
141 377
468 494
448 106
116 447
247 418
112 228
462 457
80 407
229 326
262 350
271 273
27 136
89 97
223 450
336 326
105 150
348 317
319 317
147 475
368 200
343 241
280 248
173 29
418 257
448 360
247 226
435 390
299 334
483 29
312 475
5 105
198 182
391 192
477 232
246 95
89 466
277 47
263 405
361 9
8 42
210 136
7 88
48 245
8 165
267 25
338 59
365 189
