61
4 11 70 82 75 3 35 145 35 72 31 3 29
5 10 153 131 256 463 75 3 203 41 432 98
5 13 42 26 88 31 88 55 8 7 8 13 7 5 62
4 12 163 103 1 333 162 96 73 158 408 152 121 94
5 13 62 100 190 209 79 224 597 1 52 343 322 603 293
3 8 373 25 151 185 445 105 68 118
4 9 286 318 146 241 345 368 242 2 84
4 12 135 54 57 53 103 1 323 96 123 215 176 24
3 13 81 369 638 120 386 111 2 204 236 138 127 189 102
5 11 3 406 26 48 85 99 183 555 324 103 238
4 9 1 228 335 54 453 105 420 39 101
4 12 182 149 107 33 23 64 183 61 110 38 330 40
3 9 112 348 125 532 79 115 274 435 2
3 13 22 54 72 2 7 60 4 51 124 55 81 58 19
3 10 13 19 15 10 7 7 13 2 20 20
4 10 54 34 188 384 34 35 249 153 472 285
3 13 73 236 362 395 288 322 1 390 164 415 250 57 254
4 12 121 197 204 110 223 283 212 167 360 579 54 2
5 11 55 140 461 65 212 1 266 31 211 55 493
6 11 73 53 94 5 51 402 113 87 49 113 118
3 11 284 118 34 265 226 239 62 1 56 134 180
4 11 175 246 106 107 97 216 188 89 2 49 361
5 13 260 14 228 8 4 24 27 45 219 211 36 216 8
3 12 176 143 236 120 1 410 160 376 454 274 244 34
6 11 276 80 464 365 3 67 118 101 191 329 94
6 13 46 61 500 1 430 194 123 146 105 26 88 449 273
4 11 104 52 1 94 115 91 455 166 150 158 110
3 10 135 1 128 302 255 611 33 202 385 399
5 13 480 270 515 72 2 250 586 198 248 262 164 46 152
4 10 298 451 105 250 286 28 325 212 273 48
4 13 56 47 134 302 51 15 50 72 261 320 237 149 74
3 13 78 228 459 120 1 167 315 272 187 46 232 366 118
5 8 180 230 287 65 275 345 72 506
4 13 611 276 61 310 69 260 227 354 2 36 81 392 221
3 11 44 241 252 331 141 98 311 412 129 1 74
4 13 607 96 559 466 138 48 228 367 520 428 2 69 236
3 12 16 2 4 17 10 3 5 2 9 35 13 58
5 12 1 119 262 49 158 161 219 117 42 310 133 249
4 11 513 255 168 52 428 2 96 315 228 220 115
5 9 79 225 135 116 84 86 352 70 3
4 10 99 3 95 53 105 38 192 639 268 336
4 12 90 31 68 106 119 3 9 3 51 130 33 37
5 12 157 184 335 31 5 62 122 116 136 208 168 151
5 11 307 255 210 252 31 171 122 377 2 522 326
3 9 141 50 280 72 145 289 225 472 330
4 12 170 493 28 8 443 22 19 346 45 323 40 35
3 11 346 36 133 454 136 398 68 198 220 148 212
5 9 413 130 1 270 125 399 69 162 141
5 9 648 108 626 131 97 250 389 32 4
4 11 3 548 137 231 12 114 641 73 443 318 316
6 11 98 454 54 296 197 238 251 44 125 44 5
4 10 223 164 60 164 583 90 109 105 376 110
5 11 444 231 105 612 439 45 585 60 300 1 63
4 11 505 121 322 107 118 3 146 153 59 131 75
5 8 62 119 130 295 199 59 77 384
3 11 257 1 113 106 36 310 67 31 16 217 70
4 13 47 2 16 49 8 16 27 16 14 13 40 14 6
4 11 312 115 110 370 436 303 54 290 156 257 301
5 11 228 301 303 126 84 141 58 32 27 99 86
5 12 319 178 280 202 213 367 80 426 1 128 33 158
6 10 283 5 358 352 173 58 342 441 37 159
