86
6 16 20 15 28 4 12 3 31 14 9 17 7 6 6 11 40 17
4 15 311 284 471 292 556 102 224 59 564 1 272 283 20 206 39
3 15 40 125 289 443 250 128 2 317 93 121 620 205 315 106 78
4 17 134 414 2 167 109 116 119 138 71 16 39 531 149 323 125 69 198
5 17 155 223 83 2 56 146 84 87 287 463 246 76 130 249 549 541 38
4 17 18 46 107 49 9 92 5 60 144 25 10 61 168 90 83 81 92
3 17 461 268 212 129 2 281 131 105 193 59 651 651 102 249 146 117 395
5 17 42 265 141 419 201 115 12 30 38 337 268 232 66 59 15 261 39
4 16 59 11 31 233 51 5 51 66 10 21 151 14 39 98 61 31
4 14 188 145 221 110 156 133 269 134 89 275 38 79 217 150
3 16 53 168 57 196 118 399 72 136 354 1 53 217 360 281 97 120
5 17 65 68 388 289 14 263 54 22 256 97 28 84 78 19 304 74 2
4 15 5 19 14 44 37 101 40 96 5 2 45 17 152 34 73
4 14 321 283 76 136 509 152 39 82 40 455 460 140 74 253
4 16 77 54 3 171 59 347 306 95 87 472 62 360 71 99 91 150
4 16 46 134 150 191 101 38 242 112 17 180 7 85 126 457 41 81
4 17 202 170 14 262 84 320 63 53 634 396 3 460 30 258 277 122 44
5 17 330 16 176 23 66 59 148 231 23 42 37 76 62 75 116 7 163
4 16 94 63 95 373 243 106 317 255 69 1 103 223 379 70 116 341
5 16 58 63 59 172 196 88 44 336 89 79 68 38 188 8 132 62
4 17 6 12 97 2 7 152 54 10 66 36 3 131 33 45 29 53 16
6 17 42 27 49 25 34 21 44 156 188 24 173 8 4 101 57 179 68
3 16 155 527 314 537 64 271 231 65 304 2 62 152 392 47 609 27
5 17 41 5 81 25 40 45 32 2 10 21 56 14 3 9 18 3 35
3 17 2 44 103 68 5 103 25 4 91 19 13 173 11 85 190 89 70
4 16 171 67 47 73 39 181 210 3 95 111 229 29 95 110 10 94
4 16 368 226 238 170 359 101 86 159 241 48 162 115 3 32 373 119
6 15 203 255 280 343 16 563 74 158 78 318 4 39 84 162 159
5 17 127 117 148 369 129 136 176 4 64 81 210 276 541 221 210 250 106
6 16 360 14 543 537 374 129 313 46 95 73 3 332 173 399 79 64
5 15 149 542 210 240 447 137 279 125 367 149 166 110 1 456 272
5 14 41 74 95 74 77 317 26 40 432 279 355 13 231 106
4 17 55 449 165 110 10 102 52 136 54 17 3 110 137 48 29 29 330
5 16 221 7 119 186 83 63 120 154 68 501 230 197 166 22 279 89
3 17 276 559 340 58 101 211 231 158 366 159 2 132 251 198 479 243 571
4 16 20 13 21 36 36 68 61 24 23 17 100 31 34 26 8 86
3 15 81 51 70 523 285 392 109 177 24 81 310 53 472 423 84
4 16 351 67 125 36 119 37 319 317 6 8 27 40 175 323 16 2
4 15 11 96 204 44 20 22 8 69 115 80 158 14 71 18 58
4 17 25 46 9 60 52 3 53 28 19 27 13 11 80 21 26 179 64
4 16 61 374 199 220 609 205 34 262 108 114 379 2 35 113 189 276
4 17 10 36 20 6 18 13 33 30 17 5 9 6 18 3 10 7 43
5 16 227 61 122 96 552 313 149 605 244 174 71 1 142 309 134 230
4 17 107 205 80 1 186 398 223 505 372 42 412 100 64 44 279 191 63
3 17 48 176 36 58 113 142 273 110 124 144 66 293 1 243 309 455 184
4 15 171 143 235 425 117 1 225 221 177 151 294 101 78 109 368
4 17 83 250 65 38 123 94 14 71 222 22 90 72 76 88 66 28 122
3 14 121 15 60 14 75 7 67 28 41 5 22 26 8 39
4 17 22 7 3 54 88 33 12 11 2 61 5 78 21 16 26 30 15
6 15 4 31 367 517 127 167 83 39 234 92 168 274 72 476 313
5 14 429 448 422 160 527 310 179 161 321 180 50 214 299 80
3 17 172 124 235 125 103 189 112 384 246 78 40 466 1 518 217 61 229
5 16 38 510 363 425 232 3 515 218 26 51 89 426 403 192 14 130
6 16 83 48 264 23 159 21 119 148 104 73 290 95 98 5 113 97
3 17 127 56 214 10 12 4 144 38 23 66 61 77 39 75 14 146 124
5 17 68 62 52 66 12 234 25 62 254 114 38 39 63 20 131 22 8
3 17 241 64 53 429 143 351 48 80 171 66 77 179 35 117 2 90 353
3 15 396 127 112 96 65 49 67 552 214 119 470 59 289 1 57
6 15 11 56 8 76 22 32 55 67 201 58 112 197 201 106 4
3 16 221 83 66 184 145 101 160 465 332 120 377 2 201 49 150 95
6 14 433 118 46 251 48 68 516 125 408 144 327 355 298 535
5 17 130 204 3 139 47 174 95 162 433 74 68 375 430 190 142 325 204
3 14 15 3 95 43 8 32 48 14 36 23 51 6 6 10
5 17 157 184 378 26 2 112 44 260 147 103 364 161 68 364 24 130 96
4 14 93 110 36 19 116 82 13 8 82 95 17 47 42 144
4 16 35 64 95 6 47 113 34 28 19 97 187 10 42 36 4 47
5 17 71 467 217 43 27 59 343 107 363 165 120 34 73 192 67 69 133
3 16 52 38 394 106 310 1 41 170 331 327 485 73 277 76 254 98
6 15 411 87 107 152 225 276 229 117 54 1 171 99 223 57 59
4 15 5 31 3 35 2 37 17 62 14 17 79 29 97 50 38
5 15 57 50 20 31 81 350 106 69 77 350 4 213 34 176 132
4 14 98 11 78 131 264 384 38 49 163 159 45 113 9 38
5 16 279 336 1 115 371 54 276 367 564 192 274 95 61 230 403 97
4 14 44 93 93 6 3 119 21 107 10 66 142 54 138 68
3 16 139 58 403 311 136 130 322 533 230 286 195 90 56 385 204 92
3 15 227 114 157 367 177 316 554 209 362 21 154 410 463 101 1
4 16 324 409 63 270 288 45 65 168 40 249 410 2 446 224 123 242
5 15 334 462 267 389 85 194 19 375 91 210 53 127 189 326 274
4 15 153 5 26 19 5 20 14 56 20 66 32 44 3 92 57
3 15 89 190 74 204 361 252 215 520 47 89 469 211 57 1 167
3 16 266 149 36 410 342 493 2 221 184 418 232 557 422 83 158 119
5 16 87 259 336 17 40 503 123 324 217 464 304 372 186 186 327 125
5 16 78 280 295 83 45 183 267 163 546 151 4 58 76 370 65 276
3 17 428 265 161 356 189 256 407 2 365 321 315 191 87 307 84 233 386
5 17 18 55 19 58 18 9 28 14 14 5 50 12 8 50 25 65 12
4 17 333 37 469 502 119 32 70 341 303 1 191 578 242 90 119 206 307
