81
4 18 135 334 120 20 14 71 33 88 116 121 75 19 34 70 61 316 13 164
4 19 223 60 3 282 63 507 65 93 115 34 155 369 82 219 278 37 231 599 497
4 20 280 355 173 178 251 401 240 132 75 238 1 63 629 334 49 66 339 201 57 122
5 19 379 190 388 482 40 515 78 355 310 380 457 20 293 49 243 603 503 203 2
6 20 207 337 5 106 81 41 132 112 94 98 142 106 138 141 614 647 76 93 387 157
4 19 297 106 354 436 171 55 160 164 62 99 227 336 225 174 15 379 211 57 132
3 18 19 55 10 46 44 8 20 25 57 20 9 25 2 4 2 3 12 5
5 18 220 187 2 204 92 118 136 45 450 125 21 68 80 106 308 135 46 137
4 19 247 366 127 75 175 464 461 253 44 529 87 341 217 77 155 123 162 398 87
3 20 88 416 401 249 133 438 150 213 396 163 87 239 92 2 225 276 130 229 386 193
3 19 427 237 459 106 258 62 174 99 502 385 125 1 48 321 551 98 160 25 69
3 18 505 335 247 30 128 551 30 131 117 270 397 146 144 151 107 552 137 39
5 18 19 20 28 69 23 14 26 71 100 59 56 38 36 28 50 18 16 49
6 18 21 71 13 9 9 8 9 48 17 4 34 4 11 43 71 29 19 6
6 18 226 243 82 58 45 16 14 89 41 26 5 307 157 336 437 150 194 196
5 20 32 350 608 2 77 54 262 180 264 180 91 225 436 204 194 231 188 413 430 39
4 18 70 69 517 104 571 155 305 274 208 118 54 82 140 47 38 495 75 358
4 18 11 45 37 28 3 106 19 53 11 92 58 93 29 2 29 81 24 19
6 18 90 99 109 46 233 61 10 121 96 15 98 93 19 132 73 29 90 44
5 19 2 2 7 11 7 21 14 22 14 11 3 6 4 27 21 19 13 18 3
4 19 103 198 410 90 160 3 255 415 551 127 153 107 159 130 124 85 318 309 231
4 20 378 137 89 74 27 75 2 147 411 86 33 165 311 292 100 257 217 284 47 440
4 20 465 3 86 38 268 136 103 151 90 205 399 123 175 109 113 113 185 499 80 95
4 20 116 60 283 64 166 156 216 222 406 236 162 380 396 196 1 208 460 107 88 333
3 18 135 171 430 352 328 60 276 40 130 65 248 506 65 460 227 408 380 123
5 19 89 1 28 618 192 233 76 518 217 546 243 65 233 288 142 160 452 472 77
4 20 317 121 417 136 125 3 150 393 276 152 190 23 211 172 78 81 645 72 397 309
5 18 58 69 10 119 124 16 3 10 151 65 16 113 88 98 12 18 16 4
4 20 360 168 87 274 144 273 2 137 616 60 132 398 116 96 120 133 171 21 65 395
5 18 97 27 45 106 6 21 125 146 125 51 30 22 34 50 50 3 70 7
4 20 21 95 41 87 30 14 21 11 52 24 58 111 40 102 37 13 59 95 16 61
6 19 352 89 14 237 233 93 339 97 5 35 15 203 39 378 58 17 12 22 30
5 18 41 52 235 19 88 145 141 141 125 154 20 48 28 219 117 84 110 148
3 19 98 97 143 21 169 364 422 308 247 325 213 50 310 150 120 41 2 360 85
4 18 52 13 19 33 4 51 58 10 24 23 81 40 196 2 70 80 47 125
5 18 81 53 16 44 27 43 21 53 64 200 153 11 21 37 25 49 87 120
4 19 77 89 123 35 25 72 61 69 180 24 237 172 82 141 243 9 67 7 107
5 20 170 19 48 324 79 129 158 91 221 45 100 17 7 137 131 22 98 11 58 90
4 19 449 3 20 79 220 254 94 40 66 381 68 209 60 316 189 279 252 188 61
3 20 46 133 475 468 1 111 103 52 303 111 167 70 145 189 143 207 137 164 83 156
3 19 48 405 257 64 168 155 107 247 291 357 237 227 277 2 165 137 347 270 430
4 18 18 38 71 12 52 7 54 8 17 31 21 30 70 64 27 30 8 6
4 19 17 26 28 4 8 16 21 3 8 12 43 13 4 21 4 9 18 7 10
6 20 119 82 9 60 93 325 96 251 56 24 51 15 105 179 69 10 3 148 195 120
5 20 47 63 123 220 310 415 409 246 254 153 103 208 191 257 1 336 181 385 620 348
4 18 186 3 74 212 91 12 168 39 201 248 114 102 158 50 59 208 40 31
4 19 176 219 194 447 448 1 330 162 288 136 299 405 540 58 138 385 170 49 303
3 20 65 59 558 354 197 256 288 98 149 66 97 245 445 2 272 185 91 220 26 329
3 19 20 8 21 20 11 3 13 16 25 4 6 24 25 7 12 2 18 46 28
4 18 127 10 60 97 50 3 15 12 7 71 14 11 2 6 4 40 21 22
3 20 2 358 62 99 317 140 126 232 394 120 43 188 52 193 202 119 182 186 584 202
5 18 6 158 56 193 150 29 41 45 10 95 83 53 128 280 36 23 29 130
5 19 50 18 9 35 34 24 12 2 19 5 27 7 7 27 6 3 72 24 4
6 20 127 141 160 313 61 51 29 163 167 61 313 347 29 106 42 305 258 108 197 28
4 18 119 54 82 483 160 289 100 138 458 129 422 122 182 15 55 265 33 226
4 19 1 233 104 653 185 57 106 260 191 198 49 102 39 153 66 290 124 53 464
3 19 93 163 302 310 56 225 93 431 101 111 49 341 82 77 64 306 156 33 64
5 18 59 18 39 20 30 21 32 22 3 52 25 22 21 56 6 20 54 5
6 20 145 347 118 128 86 55 43 117 2 81 390 338 339 139 393 130 405 306 278 240
3 20 42 19 9 12 6 20 4 6 7 2 15 43 18 21 2 6 24 30 18 26
4 18 132 164 581 233 482 29 120 267 320 161 18 327 297 295 80 123 70 161
6 19 506 204 90 121 282 33 365 5 137 38 51 77 234 415 80 322 86 403 151
6 18 46 24 7 116 43 163 51 108 14 21 243 208 76 9 159 16 91 159
4 18 248 284 299 143 74 195 140 164 160 307 58 580 284 92 388 595 559 366
6 20 24 41 33 51 33 33 20 22 56 5 48 2 15 2 6 48 15 16 32 32
4 19 312 634 51 318 358 303 307 120 171 58 261 182 39 105 110 42 434 3 100
4 20 66 39 62 62 240 81 84 123 5 46 104 56 55 42 114 6 5 28 132 14
4 18 169 22 14 161 4 176 46 72 19 60 69 49 35 144 116 16 100 32
6 19 24 84 143 89 7 98 153 225 199 3 99 154 166 175 121 107 86 42 395
6 20 15 2 11 27 146 14 66 45 116 20 43 3 17 95 40 26 48 3 135 4
6 19 42 59 94 232 37 58 77 271 131 30 202 181 21 189 486 42 152 388 224
4 18 4 45 19 10 18 26 8 14 4 16 8 11 11 18 2 18 2 2
3 18 126 375 108 255 222 63 363 423 51 215 306 38 115 97 472 438 77 336
6 20 81 385 8 107 338 34 34 6 420 111 12 69 63 317 45 74 259 79 172 176
6 19 126 49 215 208 164 48 232 177 115 153 105 221 445 34 7 48 22 285 16
6 20 120 331 338 47 83 116 223 173 3 145 166 45 136 180 7 293 14 124 92 220
4 19 131 6 28 210 31 9 151 53 398 94 23 13 171 58 9 33 71 47 56
6 19 76 221 97 208 147 229 210 122 190 55 152 108 155 441 162 332 417 59 3
5 18 34 60 437 299 27 64 510 109 243 87 21 28 125 128 110 149 13 106
5 18 410 89 588 427 502 199 234 254 89 616 193 28 250 45 389 499 174 84
4 20 194 251 252 303 54 41 228 113 505 557 452 371 3 80 184 102 62 114 142 188
