22 8
t 18 106 123 114 16 118 59 60
h 110 15 57 -29 52 67 127 -48
i 28 121 47 35 112 -34 112 -44
s 53 129 112 57 55 -5 139 -14
i 15 92 87 139 25 141 63 59
s 27 83 76 -22 75 22 143 -45
g 31 21 11 98 123 117 23 60
e 48 93 100 125 18 45 68 51
T 59 52 18 -13 73 59 74 -6
t 18 106 123 114 16 118 59 60
i 28 39 54 -1 62 50 121 -102
n 52 72 12 136 110 83 80 72
g 74 140 95 105 53 4 115 47
c 53 125 -8 28 147 121 -1 115
r 5 94 -40 2 47 98 -73 143
a 19 121 -86 38 99 131 -145 82
z 1 100 -139 48 101 15 -131 4
y 119 86 -31 49 24 34 -75 84
. 128 98 -34 135 0 33 -44 46
> 131 65 -73 76 2 -88 -1 24
: 146 124 0 32 15 -120 -23 68
) 91 46 -27 7 0 -19 -123 149
