24
C33 3.18e06 3.52e17 6.98e13
C32 7.87e06 2.76e25 3.04e14
C31 5.50e04 3.00e16 1.36e13
Alice 9.20e12 7.72e48 0
Gh1 9.71e05 3.67e24 1.62e16
Gh2 6.36e08 2.52e32 6.95e14
Gh3 3.63e07 3.57e26 9.63e12
Gh4 8.46e07 1.54e30 7.09e17
Gh5 9.28e05 4.17e25 7.68e16
OMG 2.05e08 5.08e27 3.15e13
North_Par 9.03e05 8.22e22 7.30e13
South_Par 1.09e08 7.89e28 2.43e14
Gi3x5 2.27e05 4.90e16 9.63e13
Hx9y3 7.70e06 2.68e28 4.28e13
Mw4e7 4.85e08 1.30e16 6.77e15
Aa2b9 8.10e08 7.88e30 2.27e13
Moorf 6.80e06 1.67e27 9.34e17
Moorg 7.01e06 2.04e26 3.14e13
Moord 5.43e07 5.13e30 7.62e15
Moorb 3.40e07 6.71e29 2.73e16
Moorp 1.09e07 4.28e24 9.76e17
Moork 7.32e05 9.19e22 1.67e16
Moo 9.00e06 2.55e27 9.92e12
Bob 2.88e04 2.64e16 7.62e16
