30
Virgx3 7.14e06 1.26e27 4.72e13
Gusty_Garden_Galaxy 1.39e07 3.69e29 9.25e12
Swsn_42g 3.07e05 8.28e23 8.60e12
California 4.90e05 8.82e23 2.84e14
Kepples_x2a_1 8.23e05 1.96e21 8.12e15
Gz3_an1_5b 9.04e05 3.88e25 8.88e13
Twin_Planets 3.57e07 6.06e26 8.61e14
Earht 9.80e07 4.06e31 1.91e13
Vaelfor 9.25e05 4.69e24 2.91e14
Ns_2335_b 8.29e06 1.75e29 1.21e14
Soliferous 1.51e07 1.17e24 2.46e15
Qua_sar 9.09e08 6.29e29 8.64e16
GRB_34 1.84e08 6.54e32 7.21e12
Gernob 7.77e04 2.27e20 6.51e14
Rad 1.72e05 8.59e22 5.15e13
Alice 3.92e10 5.36e48 0
Gernob_2 6.69e07 6.06e27 7.54e14
Alpha_Parsec_35_y 3.07e08 3.84e30 6.87e14
Beyond 1.05e07 5.34e28 9.76e13
Tylenal 5.22e04 9.51e20 4.39e14
Magen_4s 5.68e05 7.43e23 4.35e14
Spacescraper 4.43e07 8.01e28 5.79e13
Schrodingers_Plant 8.62e05 6.62e25 8.23e14
Tailor_Swift 1.37e07 6.28e27 9.73e15
Donald_Dunk 8.80e03 4.47e17 4.68e16
Fireflee 2.32e03 5.96e13 2.15e15
Supergiant_H59 2.99e08 6.48e33 4.37e13
GRB_34 6.54e06 9.75e23 6.70e15
Blue3 3.57e05 5.09e22 4.06e14
New_New_Zealand 2.16e05 9.65e20 6.62e14
