P2
27 11
# 26
255
66 68 61 63 64 63 63 76 71 71 81 72 78 72 77 86 84 74 79 69 65 67 77 80 75 75 77
49 62 61 52 59 72 74 78 77 74 74 70 77 81 72 76 92 80 65 64 77 89 87 75 66 76 67
56 57 55 57 57 56 59 78 74 75 70 59 74 79 64 58 73 77 78 69 73 80 70 74 70 59 64
70 94 104 105 82 82 48 48 80 67 61 68 69 75 57 69 80 65 83 71 87 87 85 101 114 110 83
87 143 137 162 167 158 110 72 80 79 59 47 67 80 62 70 105 73 90 90 138 145 142 168 166 149 85
63 146 137 104 146 161 134 120 138 151 140 56 74 72 65 70 155 164 149 156 171 175 165 148 171 125 74
100 131 114 60 57 89 137 92 73 99 148 82 77 72 63 83 140 97 98 98 142 114 127 53 91 140 78
110 77 99 62 68 82 103 96 69 63 84 90 81 86 84 88 88 65 69 80 112 69 117 64 62 78 116
90 44 94 65 68 69 100 96 60 61 71 70 84 75 72 65 60 70 63 88 86 60 99 67 57 60 131
66 46 73 73 61 71 100 85 52 55 64 56 55 59 61 80 79 66 56 88 69 60 96 64 54 69 93
59 52 63 69 61 48 60 55 52 65 78 81 81 78 90 87 78 71 70 71 66 68 73 66 67 82 63
