P2
31 16
# 29
255
226 227 226 228 216 200 197 178 177 187 186 127 128 102 89 145 166 123 147 161 151 113 92 89 114 148 126 81 100 141 179
229 229 229 231 222 219 227 225 215 209 197 140 101 92 70 90 122 156 164 113 110 94 104 118 103 81 92 92 116 143 190
237 232 233 233 236 238 240 244 246 244 248 224 198 109 56 112 139 215 231 137 134 106 124 113 90 87 86 127 197 217 230
243 242 245 246 244 243 244 244 243 243 244 215 200 116 63 150 206 255 230 167 135 139 94 121 193 133 152 221 242 240 236
243 243 245 247 247 246 246 247 245 246 248 209 206 184 65 130 197 232 234 102 132 218 171 171 210 210 192 237 236 236 235
240 239 242 244 244 241 241 244 244 242 241 226 246 219 59 101 219 240 241 203 207 248 244 235 247 247 240 236 239 241 242
243 239 236 236 246 250 248 247 245 236 233 231 237 204 78 78 165 239 231 240 242 238 242 247 243 241 239 237 239 239 238
246 250 245 244 196 165 182 194 206 235 237 243 244 208 56 75 132 231 231 230 231 234 236 237 239 240 239 237 239 240 242
240 208 231 157 58 72 99 118 131 100 102 146 226 223 66 90 134 222 236 232 232 232 233 235 234 235 234 234 237 239 242
200 42 72 71 61 96 76 81 90 62 65 67 131 248 95 94 143 220 238 231 229 233 233 231 243 246 249 250 248 248 243
115 4 15 27 48 56 33 48 60 57 43 37 83 223 116 56 134 193 208 197 210 226 214 160 167 177 187 185 187 205 236
38 14 23 22 39 33 28 34 27 23 24 25 70 185 104 74 135 178 187 192 187 134 106 83 93 83 101 80 101 141 196
68 5 38 32 18 16 22 15 14 9 67 90 46 159 119 132 155 174 173 186 106 43 59 101 79 61 88 67 95 158 187
158 83 152 93 15 16 36 45 26 24 112 202 83 124 175 173 177 173 183 176 105 123 143 110 89 118 118 136 120 138 170
154 164 182 114 52 63 96 172 161 121 135 179 150 130 170 173 178 178 183 187 188 186 172 158 141 190 196 195 160 175 178
183 174 174 160 139 150 181 185 190 185 188 183 185 182 190 185 189 192 194 193 194 188 188 190 191 190 189 188 193 190 192
