P2
40 19
# 37
255
240 241 242 242 243 243 244 244 244 244 245 246 246 246 246 246 246 247 247 247 248 248 248 248 248 248 247 255 237 223 251 246 247 247 247 246 246 246 246 245
240 241 241 242 242 243 243 243 244 244 244 245 245 246 246 246 246 246 247 247 247 247 247 248 247 250 232 219 142 218 253 246 247 247 246 246 246 245 245 245
240 241 241 242 242 242 243 243 243 244 244 245 245 245 245 246 246 246 247 247 247 247 247 246 254 217 141 112 115 241 249 246 247 246 246 246 245 245 244 244
240 241 241 241 242 242 242 243 243 243 244 244 244 245 245 245 245 246 246 246 247 246 244 249 240 125 126 114 151 255 245 246 246 246 246 245 245 244 244 244
240 240 241 241 241 242 242 242 243 243 244 244 244 244 245 245 245 245 246 246 246 251 255 255 157 130 151 90 174 255 244 246 246 245 245 245 245 244 244 244
239 240 240 241 241 242 242 242 242 243 243 243 244 244 244 245 245 245 245 244 253 181 112 166 154 170 119 71 222 251 245 246 245 245 245 245 245 244 244 243
239 240 240 240 241 241 242 242 242 242 243 243 243 244 244 244 244 244 245 244 248 219 65 86 193 185 81 117 255 245 246 246 245 244 245 244 244 243 243 243
239 240 240 240 240 241 241 242 242 242 243 241 242 243 243 244 244 244 244 245 242 255 136 124 181 174 54 194 242 236 247 245 245 244 244 244 244 243 243 243
238 239 240 240 240 240 241 241 241 241 242 253 250 242 243 243 243 242 244 244 243 251 208 132 155 89 114 144 57 154 255 242 244 244 244 241 242 243 243 242
238 239 237 238 240 240 240 241 241 241 247 166 193 250 241 243 243 250 245 244 244 243 252 206 138 159 159 46 32 126 255 241 244 243 243 252 249 241 242 242
236 240 250 240 239 240 240 240 239 249 209 52 160 251 241 243 243 215 238 244 243 243 244 242 165 114 67 68 35 175 254 240 243 243 242 194 211 247 240 241
245 238 131 220 246 238 239 239 237 255 144 32 208 251 237 253 198 39 209 252 241 243 244 236 231 127 47 61 64 240 247 244 241 247 222 94 102 222 243 239
214 112 46 124 241 238 238 238 242 224 155 130 173 242 239 251 147 40 139 251 240 242 242 240 255 127 35 35 183 136 145 244 244 240 245 195 194 207 222 242
116 76 102 69 217 242 236 236 243 197 177 204 171 227 248 216 96 94 71 220 246 240 241 240 248 178 104 193 240 116 105 144 238 241 244 209 154 130 133 229
103 63 82 74 222 239 235 235 243 171 99 106 90 217 249 215 87 56 63 229 242 239 240 240 239 248 255 252 231 111 68 68 144 251 238 229 120 91 101 189
186 78 76 100 241 233 234 233 241 193 67 37 86 229 244 224 82 56 169 251 235 238 238 238 238 236 235 235 247 189 109 99 108 226 237 247 190 97 60 154
237 122 67 143 241 232 235 235 236 235 125 32 117 231 244 171 60 121 201 238 238 239 239 240 240 241 240 239 240 222 127 141 186 215 237 234 195 177 78 56
195 85 26 126 185 194 203 208 204 201 161 42 72 186 195 192 186 167 170 194 204 207 209 210 210 209 210 209 207 191 174 180 195 200 198 195 182 172 161 150
144 114 97 125 142 141 144 146 145 153 139 33 51 149 153 152 152 154 154 151 152 153 155 155 158 154 156 155 158 162 161 157 152 152 155 153 157 156 159 163
