P2
88 35
# 78
255
71 83 69 56 79 83 79 80 63 80 73 83 78 62 72 73 75 79 92 83 66 71 93 106 89 84 73 79 63 61 69 59 57 78 75 82 51 59 56 63 73 75 59 61 65 68 72 78 90 90 79 75 64 91 92 74 77 80 73 92 107 96 71 50 68 73 57 60 50 54 66 73 79 69 79 80 75 86 79 76 83 69 65 76 61 64 67 72
86 84 74 62 64 74 76 63 54 64 66 61 41 51 46 47 42 47 70 63 56 56 64 73 73 64 61 68 62 60 71 60 73 84 93 99 68 61 65 90 89 86 80 81 74 70 85 89 76 88 91 90 77 86 82 70 75 70 69 77 76 88 80 64 80 80 74 71 60 58 68 74 71 71 85 86 88 95 81 77 72 72 80 80 80 95 83 85
51 54 57 54 62 70 50 40 47 42 50 51 54 82 79 63 56 58 61 58 48 45 58 57 75 84 70 79 89 81 73 77 99 90 76 87 84 71 82 103 82 67 76 87 75 74 84 81 60 80 97 87 85 99 94 80 74 63 67 71 67 69 63 53 61 55 63 69 71 70 78 81 67 68 77 84 71 76 80 81 69 75 69 82 79 77 82 65
48 46 57 62 64 74 52 52 57 60 64 56 60 65 82 77 69 64 65 72 59 62 89 80 83 77 74 81 77 67 86 78 69 67 62 74 66 65 76 78 71 66 76 61 59 71 75 60 58 72 91 89 107 88 67 82 92 92 84 71 79 70 65 68 72 54 66 91 73 69 80 83 103 90 71 77 75 59 58 64 68 69 69 77 71 72 70 59
40 35 38 68 70 80 70 68 82 70 54 57 56 48 64 67 60 65 74 67 64 77 87 76 67 72 55 68 77 71 80 69 72 77 67 64 72 81 52 76 74 88 92 80 87 80 92 68 104 58 71 95 104 96 63 78 84 79 70 59 59 55 56 65 75 81 90 76 81 73 83 94 84 80 76 84 87 55 58 71 69 88 89 78 70 74 59 68
50 49 48 56 48 53 69 52 65 65 45 51 55 52 58 69 69 83 93 77 61 80 88 70 82 90 73 72 86 70 64 62 77 74 89 70 85 93 55 72 76 91 91 77 83 81 92 66 66 70 45 75 84 97 79 101 83 70 65 67 58 72 68 65 69 68 77 84 89 110 92 93 86 82 87 80 85 73 73 78 64 55 78 79 71 63 63 60
56 57 69 56 52 66 52 51 45 44 45 42 40 36 38 45 66 87 90 85 75 78 71 76 83 94 84 83 95 76 70 73 83 68 78 53 64 75 38 76 79 72 65 74 84 68 73 64 54 65 53 65 92 89 90 98 88 84 81 79 77 78 70 65 62 71 80 84 71 86 91 93 81 83 91 89 84 76 66 77 59 57 75 75 52 57 79 64
56 57 77 62 60 68 57 68 60 62 62 63 62 58 50 33 30 38 48 59 63 70 77 77 87 79 91 76 59 76 63 69 80 83 62 36 51 59 31 83 73 79 77 83 88 70 60 71 62 71 70 65 99 77 67 83 73 67 66 78 74 73 67 67 59 58 65 72 86 85 89 86 75 61 65 62 63 73 73 60 53 60 66 66 60 59 76 77
57 56 62 65 55 53 60 67 66 62 66 71 74 75 75 67 55 44 40 42 41 44 73 73 72 65 64 65 56 62 66 75 89 77 69 44 86 81 38 79 87 83 87 86 85 74 64 59 57 47 63 59 66 60 53 78 71 73 97 86 89 82 63 72 63 64 78 82 75 78 70 67 65 52 52 61 71 75 78 71 70 62 62 59 65 67 63 76
50 47 49 64 61 63 65 61 56 56 65 73 78 79 78 74 75 72 58 61 48 26 34 64 55 66 71 75 86 83 69 86 73 70 68 44 71 79 49 83 60 63 68 71 60 61 71 49 54 40 58 59 46 52 79 73 66 70 74 73 57 78 79 73 68 79 80 77 73 64 64 63 66 74 79 87 89 87 95 97 94 83 71 66 67 63 56 64
57 55 62 66 76 79 83 86 73 70 80 69 69 73 77 76 82 82 73 70 64 40 27 38 74 90 88 77 81 86 74 70 67 61 66 58 64 77 63 65 61 67 84 61 62 86 92 70 50 65 74 71 88 88 84 66 70 65 65 83 76 103 101 85 79 92 81 90 89 80 82 85 90 92 96 101 101 96 103 107 103 105 98 91 77 69 76 53
54 64 96 73 79 104 129 135 130 101 126 143 112 76 65 69 89 101 90 80 76 57 32 29 50 83 77 70 101 86 67 72 64 76 83 54 91 89 64 64 69 77 98 73 64 60 77 64 40 75 68 94 105 102 76 68 90 79 74 105 86 78 62 55 52 68 86 104 103 104 100 100 97 100 102 101 98 96 107 111 109 114 116 105 116 154 75 58
63 79 130 142 101 113 149 148 139 123 117 174 170 141 103 76 79 104 105 96 83 69 48 26 48 64 69 83 80 60 54 62 33 64 70 47 50 67 68 50 64 84 91 91 76 55 63 41 37 69 62 84 97 83 49 75 44 38 81 97 86 71 69 71 63 84 113 109 115 119 109 101 96 98 95 91 103 128 141 149 141 134 123 123 177 151 28 74
64 72 118 156 164 130 125 134 132 138 131 155 158 159 157 139 134 142 149 125 99 78 66 30 44 65 63 70 59 54 50 80 19 28 50 45 30 61 70 46 61 60 74 76 76 69 70 42 42 74 65 99 95 124 139 77 14 66 85 86 81 89 89 77 79 112 118 119 126 125 105 94 94 112 137 150 171 186 180 177 164 154 140 166 190 73 63 78
43 53 114 113 156 164 120 125 130 143 151 149 151 134 150 164 170 186 177 148 132 119 99 46 51 95 80 66 66 49 76 165 98 41 54 54 34 40 59 34 63 77 73 68 79 99 85 66 29 68 60 64 93 132 114 63 66 84 95 98 86 95 94 81 102 121 132 149 163 158 138 121 143 177 187 193 153 135 180 168 161 147 154 193 120 63 72 74
54 53 94 148 112 145 143 136 140 136 142 167 214 173 160 170 182 176 141 143 163 149 127 80 89 125 114 104 94 91 80 93 170 82 56 68 56 43 47 72 93 78 60 71 90 76 81 83 52 56 64 63 101 131 81 83 104 93 99 92 91 99 113 102 121 142 151 171 187 190 180 161 175 173 177 176 153 149 176 158 154 146 165 162 66 68 79 92
59 67 62 138 169 122 127 137 150 137 133 84 194 222 225 228 205 163 139 139 142 145 132 108 120 140 144 145 128 125 123 113 139 145 100 77 50 31 49 86 73 76 63 74 71 90 68 77 69 59 64 96 151 137 153 156 140 132 131 125 127 131 140 123 142 171 181 165 162 178 179 165 156 150 157 150 164 192 184 170 165 156 161 118 70 51 129 91
45 60 57 90 187 170 128 129 155 124 123 81 84 112 132 158 212 203 160 160 144 101 104 142 150 150 152 158 147 145 153 147 146 165 157 139 77 38 56 76 76 74 64 50 58 82 71 61 61 42 72 95 145 161 173 182 164 166 157 150 152 156 163 153 149 172 172 153 161 179 172 160 167 151 171 187 204 189 173 177 170 163 149 120 42 87 124 66
47 61 64 106 164 172 155 121 155 119 71 69 75 83 75 68 83 125 155 169 159 122 52 93 124 126 133 142 145 143 147 151 178 161 176 84 52 65 58 84 79 65 71 73 86 60 56 54 57 55 80 43 126 162 161 184 181 168 165 164 168 165 169 172 155 155 166 172 168 172 147 169 198 175 167 153 119 93 90 171 185 175 150 117 69 93 95 71
67 78 86 129 171 156 132 122 148 108 39 50 53 88 86 79 72 67 58 150 161 157 125 54 63 72 73 85 96 103 117 166 193 161 161 140 61 58 80 82 76 86 90 76 83 69 53 69 79 70 71 90 151 155 169 170 171 150 145 147 149 153 153 149 129 142 171 181 184 120 114 140 154 108 52 50 37 53 48 86 167 190 151 124 111 56 63 50
79 84 105 147 177 103 78 118 145 99 35 46 66 74 78 70 52 72 83 147 155 124 162 136 83 75 74 67 79 76 82 82 123 174 164 145 65 57 90 65 74 80 66 68 78 64 58 65 75 85 69 72 123 156 177 92 53 58 73 62 69 90 79 78 83 75 143 188 166 70 54 102 207 134 75 71 51 61 54 74 86 154 166 120 135 72 49 53
80 102 124 176 116 56 96 123 141 82 48 60 53 67 71 70 62 76 103 134 161 83 100 151 129 69 77 74 66 69 82 60 53 109 184 154 88 59 72 88 75 65 77 69 71 54 48 75 73 76 78 81 122 164 124 62 60 73 72 70 69 88 83 78 87 74 155 181 115 68 71 120 197 130 83 88 82 67 68 74 72 74 160 140 124 139 77 51
49 93 163 129 71 71 110 132 122 94 74 75 69 61 64 74 70 75 81 118 167 75 54 103 144 79 70 57 50 60 65 71 72 69 116 155 129 62 66 89 81 100 83 72 90 65 73 86 73 71 80 81 139 131 69 67 64 77 69 77 70 65 65 63 66 100 174 136 51 61 71 109 189 118 62 58 74 74 76 62 66 55 72 141 119 140 135 62
62 128 135 73 79 63 102 128 100 81 86 74 78 72 69 61 72 74 65 106 169 78 67 107 126 53 60 70 70 78 80 84 75 87 86 81 148 88 56 94 98 104 85 83 100 85 92 111 78 83 86 81 132 79 77 79 70 72 72 81 61 70 65 68 82 139 176 91 43 60 55 90 185 132 60 60 49 71 73 68 67 72 62 71 123 109 133 51
123 152 80 76 68 59 84 124 97 54 66 55 53 67 82 68 80 70 67 74 155 86 56 104 125 71 84 80 68 72 61 65 95 85 68 63 100 100 77 84 80 64 70 83 91 102 82 79 72 85 78 83 118 79 71 81 77 67 72 97 97 68 68 61 95 172 142 66 51 62 55 75 183 125 47 62 65 59 74 82 59 65 70 46 72 135 120 98
137 125 63 55 52 41 59 125 126 46 37 40 45 52 69 65 71 60 66 61 150 88 60 117 127 77 96 70 61 65 64 65 60 67 76 60 49 66 84 80 86 72 70 73 80 88 87 62 68 100 88 66 73 80 76 81 58 70 80 86 84 62 77 58 91 176 89 61 77 80 62 59 152 116 58 79 71 68 65 60 51 55 60 47 57 148 148 123
137 104 44 39 55 53 43 90 148 67 40 39 56 80 75 75 80 77 65 61 142 104 62 123 119 66 72 59 65 64 58 54 60 56 84 73 74 76 59 83 93 108 95 79 72 81 106 70 82 74 68 44 66 67 52 65 74 63 71 86 76 62 72 67 114 145 66 66 66 73 60 45 128 125 68 82 76 80 60 50 42 56 61 48 41 143 160 102
141 85 45 60 65 51 38 52 139 109 69 73 58 82 74 83 64 65 61 56 143 105 43 122 116 62 58 47 58 53 45 51 70 63 55 73 63 76 69 73 81 94 89 81 75 66 66 75 78 76 62 58 49 42 57 89 71 47 51 74 64 56 50 62 136 120 60 74 55 48 67 67 117 134 49 50 70 73 50 47 48 62 61 43 62 154 157 96
141 73 56 59 53 58 48 52 113 145 91 68 53 58 65 62 56 96 61 39 126 116 68 148 101 49 60 49 60 42 44 72 85 76 82 100 75 66 63 69 80 72 72 66 59 56 55 62 58 64 61 75 47 45 97 79 49 60 60 71 52 53 51 48 137 98 72 63 50 52 54 55 101 131 61 53 61 75 63 54 73 56 59 62 90 141 148 102
136 71 55 35 41 54 58 75 69 136 113 48 58 70 66 63 59 81 64 54 120 126 85 138 82 63 62 64 64 53 57 75 89 66 62 80 70 51 59 70 61 57 48 53 41 45 48 44 43 76 82 59 80 80 68 49 67 76 57 61 47 51 52 67 145 68 62 52 50 49 65 86 89 140 86 85 61 72 56 64 68 61 64 63 106 142 124 88
82 56 59 41 38 47 59 66 57 63 69 65 46 48 57 61 74 97 72 69 123 123 57 127 84 54 65 63 68 48 43 55 62 47 48 61 49 41 47 58 58 46 39 60 61 48 50 50 74 88 100 61 85 70 60 72 72 55 51 62 50 72 59 100 135 65 71 62 61 59 60 81 76 144 69 66 59 56 49 59 44 70 60 51 86 90 112 79
41 54 58 50 47 47 62 56 55 36 43 100 44 47 51 77 91 81 54 52 82 127 57 121 64 43 67 49 57 47 57 48 43 46 49 69 44 50 38 45 40 53 69 68 89 86 76 85 95 85 85 103 109 100 97 73 77 52 63 73 66 73 74 129 99 60 79 67 65 64 57 62 59 122 87 62 53 59 57 55 43 50 49 57 70 34 30 52
83 46 74 48 47 40 75 68 58 47 76 115 71 55 68 72 65 58 29 29 36 109 96 31 50 72 54 37 41 57 50 59 47 68 77 71 78 91 56 71 71 80 77 87 86 82 79 96 79 84 73 88 111 94 86 85 87 89 74 69 86 58 61 95 57 55 63 53 72 72 71 80 61 96 75 81 64 63 61 63 69 71 60 74 107 71 59 49
99 73 46 29 47 59 74 67 68 72 77 91 89 45 55 48 49 45 38 39 40 57 69 51 49 45 33 52 64 68 76 79 61 94 92 85 85 93 87 106 106 81 80 75 72 84 89 93 105 84 87 79 76 73 60 69 65 78 76 57 80 60 66 74 49 56 61 61 77 65 76 71 60 70 67 63 60 58 75 64 74 84 89 93 93 85 61 65
82 73 36 40 60 62 62 67 64 72 61 58 46 61 65 54 57 48 55 51 54 55 49 62 50 49 48 51 74 53 84 79 81 105 91 100 99 78 87 121 90 85 86 66 63 71 85 86 90 91 76 67 68 53 51 64 63 72 53 53 72 81 52 72 77 84 76 63 69 62 55 58 71 69 76 75 64 60 84 69 70 98 96 79 89 96 56 62
