P2
70 37
# 55
255
225 226 227 227 227 225 225 225 226 226 225 232 233 229 231 217 184 207 204 215 232 230 228 197 191 136 125 129 144 124 118 78 95 137 146 158 217 159 178 95 43 110 153 190 185 184 202 166 109 104 95 87 82 89 100 138 118 147 191 140 101 99 91 106 121 125 158 127 94 207
226 226 226 227 227 226 226 226 226 230 212 182 176 176 178 154 135 173 150 148 145 164 205 217 195 167 119 159 124 116 132 87 57 115 121 109 165 192 90 80 175 171 164 179 160 165 151 125 98 113 95 77 118 82 89 122 137 133 154 161 105 81 72 92 95 94 124 172 191 241
227 227 228 228 228 228 228 228 229 224 191 196 189 221 223 217 209 226 190 180 188 159 136 129 117 103 70 100 83 112 83 47 72 122 80 121 219 82 111 227 229 190 128 92 88 91 84 83 95 102 107 84 96 105 94 118 97 124 89 69 94 95 69 62 111 128 184 170 131 230
229 229 229 229 229 229 230 231 232 225 226 236 233 234 233 234 236 232 225 231 237 240 236 221 202 151 120 76 135 136 82 48 66 87 86 80 68 116 235 141 95 106 105 131 110 84 132 121 92 90 118 115 78 161 186 76 103 113 78 78 119 96 99 111 144 154 147 129 163 251
233 231 231 230 230 231 231 231 232 233 234 233 234 234 235 236 235 236 240 237 234 231 232 234 236 240 202 121 67 116 166 56 52 93 113 41 108 186 95 112 176 225 226 193 77 147 155 103 72 68 127 121 113 97 107 54 67 71 59 80 114 128 115 88 118 220 113 86 193 253
239 236 232 232 231 231 231 232 232 232 232 235 235 236 238 241 242 242 242 241 240 238 239 238 247 210 163 209 210 155 68 63 49 73 88 109 145 86 148 239 255 250 247 110 94 192 114 140 107 98 133 138 129 115 78 62 58 72 67 66 93 114 112 109 192 236 222 229 242 244
238 238 235 233 233 234 235 233 234 235 235 235 236 237 238 242 243 243 243 244 243 242 242 243 242 219 243 248 231 169 117 56 41 63 140 165 107 158 255 249 242 250 177 105 112 138 103 88 134 146 88 147 88 104 115 116 145 105 114 96 88 123 169 226 242 237 238 237 236 238
241 243 239 238 243 248 248 246 245 245 242 240 241 241 243 245 244 244 244 244 245 244 243 243 243 243 203 185 196 213 141 64 68 97 148 165 165 236 247 244 248 247 173 197 201 185 144 74 152 131 90 87 79 177 119 177 227 160 88 121 172 186 200 240 242 238 237 236 237 236
241 245 245 243 244 247 247 248 248 248 247 247 247 247 246 246 245 244 244 243 243 243 243 242 245 219 199 181 185 170 73 42 41 96 149 150 192 245 250 246 246 245 255 176 131 168 141 113 153 175 99 66 76 183 200 213 196 79 104 164 251 237 219 234 239 237 236 235 234 233
243 244 246 243 242 241 242 246 244 245 246 245 246 246 246 246 245 245 245 245 245 245 245 243 243 216 188 196 181 161 195 96 53 82 141 147 125 179 223 234 245 238 217 155 75 104 145 188 164 146 129 127 114 188 181 136 208 167 134 185 187 227 238 233 233 232 232 233 233 233
244 242 243 243 245 245 245 247 246 245 245 245 246 245 246 247 248 246 246 246 246 247 247 245 245 243 198 176 220 241 213 118 77 65 108 150 183 202 181 225 247 235 148 141 54 100 153 223 252 181 181 210 169 178 215 186 242 249 218 135 166 236 237 239 238 236 237 236 234 234
244 242 242 242 244 248 249 248 248 248 248 247 244 244 245 246 249 248 245 245 246 248 245 241 245 236 185 228 249 236 235 109 55 55 101 152 209 251 239 242 241 241 244 205 74 84 159 210 244 251 205 223 183 152 248 247 241 239 243 239 244 238 238 239 240 243 243 244 241 241
240 238 238 239 241 243 243 244 246 247 248 245 243 244 243 244 246 246 244 244 244 243 242 241 246 216 224 246 235 234 252 134 49 52 83 153 181 237 236 237 237 237 240 234 177 195 239 229 242 246 235 238 246 245 248 243 242 241 240 239 237 237 237 237 238 240 242 242 243 243
241 238 237 239 239 239 238 239 241 241 243 243 241 243 243 243 244 245 244 243 242 240 239 239 239 226 238 236 236 232 247 145 37 83 61 109 137 218 240 235 236 236 236 238 234 238 242 243 243 242 246 248 247 248 246 245 243 241 240 237 237 236 236 237 237 238 238 239 240 239
244 245 243 241 241 238 238 238 238 239 239 239 239 240 239 240 242 244 242 241 239 237 236 235 235 237 235 234 233 230 244 136 33 125 58 77 148 181 241 232 234 235 235 235 236 236 236 238 240 241 242 243 245 245 244 243 243 242 242 240 238 236 237 238 238 238 238 238 237 236
243 243 242 239 239 238 237 237 237 237 235 235 234 235 235 235 235 235 234 234 234 234 233 232 232 232 232 232 232 229 242 120 34 125 72 43 136 163 231 232 232 232 233 233 233 234 236 236 237 238 241 242 242 243 243 243 243 243 242 241 240 238 238 240 240 239 241 241 239 237
246 245 243 242 241 240 238 238 236 237 245 248 248 246 246 244 241 241 241 238 235 235 233 232 232 234 233 232 232 229 242 116 31 77 163 48 115 162 218 233 230 231 231 232 232 233 234 235 236 236 238 239 240 241 242 242 242 242 242 240 239 237 238 241 241 239 240 242 241 241
246 246 245 243 243 242 240 236 245 241 198 173 165 171 189 200 209 207 219 240 251 247 241 243 240 235 234 235 235 233 241 131 47 14 86 75 78 133 199 238 231 231 231 232 232 232 233 233 234 236 236 236 237 237 239 239 239 239 240 240 237 236 237 240 239 238 240 242 242 241
245 244 242 242 242 241 239 251 213 107 68 62 51 69 72 80 98 96 101 112 148 190 215 199 216 245 250 239 236 236 243 137 68 27 27 137 98 119 192 239 233 232 231 232 232 232 232 233 233 234 235 235 235 235 236 236 236 237 238 238 237 236 237 239 238 238 240 241 242 241
241 241 248 245 244 244 246 203 82 63 75 60 70 93 114 130 138 149 152 152 121 81 87 76 86 129 174 240 240 233 245 141 89 59 45 165 113 116 180 239 234 235 232 232 232 231 232 233 232 233 233 233 234 234 234 234 235 235 236 236 236 236 237 237 239 240 241 240 242 242
241 240 177 120 136 192 222 95 76 88 56 66 116 124 108 107 104 119 151 139 85 61 51 62 69 82 65 110 235 234 246 155 77 66 55 162 111 116 182 240 234 235 234 233 232 232 230 227 232 232 232 233 233 234 235 235 235 237 237 236 236 237 237 239 239 240 240 241 242 242
248 207 53 47 69 75 114 77 77 82 40 93 127 91 73 73 101 75 91 84 68 59 54 66 94 106 112 52 174 243 240 199 68 83 54 152 135 131 174 239 233 235 235 236 235 234 233 232 234 234 236 235 237 239 239 238 240 241 241 240 240 240 240 241 240 241 241 242 243 243
250 196 33 34 30 37 63 61 71 51 57 83 79 56 64 59 66 62 78 70 75 76 65 65 77 83 87 54 128 238 233 231 86 75 63 116 141 132 167 239 234 235 228 230 236 229 226 233 236 236 240 229 195 223 233 235 234 237 240 242 242 241 241 242 240 240 241 241 241 242
232 113 9 19 14 22 30 37 42 39 50 61 71 60 43 38 41 65 88 68 64 82 76 43 36 51 55 41 102 227 235 243 109 71 65 75 125 147 152 229 225 228 209 207 212 199 222 224 223 230 229 216 203 198 218 228 225 230 240 244 246 250 246 239 238 245 248 238 242 242
209 57 6 14 13 18 17 15 22 48 42 59 56 46 34 29 36 61 71 49 50 64 46 29 28 48 31 36 78 191 204 225 111 67 52 59 107 148 145 196 199 198 199 197 186 189 212 204 203 210 197 203 191 134 137 145 154 141 164 176 167 162 176 173 164 170 210 229 230 243
117 15 17 13 15 16 15 14 25 46 41 48 44 37 31 30 34 49 45 30 25 23 28 22 30 44 21 49 68 169 168 195 108 62 78 58 106 160 155 176 181 182 186 190 193 203 208 200 214 213 208 154 83 82 106 115 119 103 102 109 108 96 91 109 133 136 107 167 222 223
103 11 20 18 15 21 33 15 32 38 46 31 35 32 30 33 33 32 32 22 22 27 21 27 34 44 48 49 53 168 184 189 102 72 93 66 129 142 153 184 204 205 200 200 201 200 209 187 133 124 110 69 91 106 100 111 96 97 92 113 125 93 71 86 104 156 129 129 205 193
74 13 21 21 14 28 45 14 27 29 37 23 26 25 24 26 25 27 26 20 19 34 25 29 26 35 45 23 62 163 181 186 93 68 122 70 126 152 165 181 180 182 182 163 190 190 154 57 21 89 60 45 81 93 89 84 71 66 80 98 106 76 82 105 98 115 155 183 195 191
42 1 19 17 17 29 48 11 22 19 19 18 18 21 18 16 16 24 24 14 13 17 20 25 56 78 15 36 56 151 181 156 74 96 152 120 137 151 169 163 163 169 164 167 184 197 84 42 106 93 76 79 104 107 76 66 58 57 62 89 111 62 58 75 105 114 151 199 185 169
162 81 14 16 14 32 68 12 24 19 19 18 14 14 32 27 16 20 19 12 12 22 14 57 157 183 113 28 45 92 170 144 111 131 140 141 172 146 171 171 180 190 173 172 183 183 68 51 87 34 31 77 111 115 101 68 65 100 71 84 123 69 65 81 112 149 118 193 185 172
174 169 84 0 35 124 166 115 42 18 23 16 12 3 40 46 22 8 14 12 10 18 12 98 182 175 179 82 39 51 153 178 175 173 162 163 190 175 181 179 182 192 185 170 179 136 49 29 55 122 102 54 111 67 129 101 56 107 65 60 101 81 93 83 119 124 102 181 188 174
155 153 151 75 130 180 179 164 37 16 37 16 14 18 44 50 33 31 8 13 27 55 22 99 188 182 181 173 68 68 159 180 161 177 174 183 184 170 171 168 172 188 179 169 174 152 76 99 175 192 193 162 145 97 114 51 97 150 121 114 134 152 192 123 120 149 116 149 141 171
147 144 141 165 166 168 173 137 25 15 54 62 29 23 46 100 141 148 116 72 143 113 22 96 182 174 179 186 127 72 150 156 152 168 164 180 176 168 170 174 169 186 173 178 176 179 180 189 182 164 174 163 119 127 148 53 171 198 195 185 190 184 189 169 121 136 191 147 162 201
161 148 157 157 160 166 174 169 53 33 72 107 59 42 53 162 172 178 170 161 177 107 72 150 167 156 168 176 151 69 146 144 162 171 170 170 186 178 178 181 181 182 183 192 189 186 176 175 174 163 176 135 140 179 156 108 170 185 186 195 187 197 180 185 144 149 193 190 155 195
181 162 166 166 174 167 169 167 113 68 70 74 88 108 129 187 165 173 180 183 175 129 159 182 166 160 169 176 171 123 162 172 180 184 169 172 187 182 184 184 189 186 189 196 194 195 191 182 181 187 190 163 180 193 162 163 194 187 187 197 186 195 185 178 172 185 181 192 182 182
180 181 175 167 176 170 169 155 146 147 115 123 152 140 170 196 164 181 194 181 173 189 184 185 187 179 183 189 180 170 181 191 182 189 178 183 195 184 184 197 198 193 192 190 187 194 203 194 186 190 190 191 195 186 189 189 189 200 185 188 189 187 193 188 190 197 179 190 194 188
185 193 183 181 183 183 179 166 163 170 182 184 188 186 187 203 185 185 195 189 189 198 193 190 184 192 195 200 195 194 191 198 189 194 194 189 200 189 190 194 193 190 199 192 191 190 197 191 192 190 190 193 186 186 193 195 186 190 194 188 194 191 189 196 195 203 186 185 199 194
