P2
53 60
# 33
255
36 36 36 36 36 36 36 37 37 36 36 37 39 39 38 36 37 36 37 37 36 36 36 36 36 36 36 37 36 38 37 36 37 36 37 36 37 36 37 36 39 44 35 37 36 36 36 36 36 36 36 36 36
37 37 36 36 36 36 36 37 36 36 37 32 25 25 32 37 36 36 36 36 36 36 36 36 36 36 37 36 37 31 33 37 37 36 36 36 36 36 36 36 39 40 35 36 36 36 36 36 37 36 36 36 36
33 31 36 36 36 36 36 37 37 37 32 56 108 99 54 32 37 36 36 36 36 36 36 36 36 36 37 36 36 69 50 34 37 37 36 36 36 36 36 36 39 37 36 36 36 37 37 36 36 36 36 36 36
53 69 35 36 36 36 37 39 38 34 47 128 136 188 175 46 34 37 36 36 36 36 37 36 36 37 37 35 39 108 132 30 34 37 37 37 36 36 37 36 45 37 36 36 36 36 36 36 36 36 36 36 36
72 90 54 35 36 37 34 28 34 30 92 156 79 117 159 74 28 38 36 36 37 36 36 37 36 37 38 30 71 105 110 104 44 35 37 36 36 36 36 38 45 36 36 37 36 36 36 37 36 36 36 36 36
79 36 51 40 36 34 44 76 54 24 68 178 38 101 143 109 27 40 36 37 37 36 37 37 36 37 36 36 111 135 95 130 94 36 37 36 36 36 35 40 43 35 36 36 36 36 37 39 37 36 36 36 37
103 61 29 38 36 36 162 208 161 85 39 151 132 111 85 84 36 30 37 37 37 36 37 38 38 38 37 36 103 149 78 108 96 43 35 36 36 37 35 44 42 35 37 36 36 37 32 25 36 37 37 37 37
61 113 34 38 32 56 176 121 41 155 55 69 190 126 99 135 145 88 30 36 37 37 38 32 29 31 37 34 92 154 112 96 67 39 36 37 36 36 35 47 40 37 38 37 37 31 68 116 35 31 34 30 34
38 114 69 31 32 62 127 49 19 164 77 37 178 154 164 171 172 173 110 32 37 36 32 64 83 65 40 22 81 147 96 62 48 38 36 37 37 37 38 43 31 30 33 37 39 24 124 184 103 112 117 98 44
95 100 88 29 33 70 106 16 67 203 71 106 179 141 132 162 176 164 173 64 32 34 91 161 174 173 154 96 134 186 57 38 37 36 37 36 37 37 32 49 61 70 52 32 35 42 122 101 137 133 152 158 105
134 113 57 33 27 39 59 57 170 192 185 219 201 122 119 112 125 99 142 81 26 48 144 162 172 185 190 140 107 145 137 44 34 37 36 36 38 31 82 162 182 182 164 94 36 43 54 82 158 115 141 135 117
111 69 30 38 101 167 170 207 202 151 213 216 219 122 95 90 61 42 90 72 31 42 116 161 158 167 169 90 143 87 103 116 27 39 37 37 34 48 158 178 172 167 162 144 61 26 20 101 162 87 120 126 89
69 38 39 136 193 195 199 195 186 110 207 218 202 128 41 65 49 37 51 62 36 36 62 120 154 162 148 114 156 114 87 116 37 38 37 37 32 57 162 157 137 156 106 115 121 108 37 142 124 39 104 124 60
33 31 115 167 166 159 150 144 190 136 200 219 161 106 32 33 37 38 34 39 36 37 45 62 98 116 126 118 99 97 131 107 30 35 38 38 32 57 155 143 126 144 142 107 118 116 40 169 93 13 52 109 45
35 74 114 123 127 122 146 148 136 185 210 164 107 80 33 37 42 40 36 36 37 36 36 36 47 44 43 39 39 37 79 117 42 46 34 34 34 49 171 164 107 83 80 43 42 40 34 181 87 100 139 143 55
76 110 85 83 93 131 142 132 90 62 81 60 58 43 35 36 42 40 36 36 37 38 37 37 38 41 41 40 40 31 53 170 192 194 151 40 36 33 113 139 53 56 43 34 36 34 43 181 182 211 218 209 145
49 45 62 52 70 100 71 60 43 31 73 54 46 36 37 35 50 44 35 37 36 37 37 36 35 43 45 34 39 28 128 222 216 215 222 97 26 38 34 36 32 42 43 36 37 35 44 184 211 211 213 199 177
37 34 34 32 50 59 32 63 42 31 68 52 35 37 36 35 46 41 36 36 36 38 37 37 34 49 56 34 34 48 194 214 213 211 209 101 27 40 40 38 36 44 42 35 37 37 34 147 212 206 195 181 168
36 37 36 39 65 35 39 54 35 34 47 58 34 37 36 36 42 37 36 36 36 37 36 36 35 43 50 36 30 68 206 215 215 210 184 83 29 39 39 36 34 45 45 34 36 38 32 64 168 186 174 168 149
36 37 32 63 47 32 43 59 34 36 42 64 33 37 36 36 42 37 36 36 38 36 36 36 35 42 47 37 33 55 193 215 203 176 136 52 33 37 35 37 34 48 45 34 36 36 37 31 76 140 148 146 134
37 34 51 63 32 36 47 58 33 37 38 66 37 36 36 36 44 36 36 37 43 36 36 37 35 44 52 38 30 67 189 168 100 84 69 34 37 36 38 37 34 49 43 35 36 36 36 37 33 46 55 68 89
36 35 64 41 35 33 52 57 33 36 45 65 44 34 36 36 44 36 36 36 36 36 36 36 35 42 48 36 30 76 126 93 42 31 35 36 36 36 37 37 34 50 42 35 36 36 36 37 35 45 39 32 51
37 33 60 51 34 33 54 60 33 36 43 59 61 31 37 37 45 35 36 36 36 36 36 36 35 40 47 35 37 34 68 55 32 38 36 36 36 36 36 37 34 50 41 35 36 36 36 37 34 49 43 37 48
36 34 43 64 34 35 45 51 34 36 43 49 63 32 36 38 44 35 36 36 36 36 36 36 35 40 50 34 37 36 35 55 36 36 36 36 36 36 36 37 33 53 42 35 36 36 36 36 33 51 45 34 39
36 37 33 63 43 33 43 55 34 35 45 45 60 34 36 38 42 36 37 36 36 36 36 36 35 40 51 35 37 35 41 58 34 36 36 36 36 36 36 37 34 57 43 34 36 36 37 37 32 55 54 33 47
36 37 33 51 57 31 42 58 34 35 46 43 60 34 36 38 39 36 36 36 36 36 36 36 36 37 40 37 36 35 40 59 35 36 36 36 36 36 37 38 35 49 41 35 36 36 36 37 34 46 55 32 58
36 37 35 39 64 34 40 58 35 35 47 43 62 34 36 36 38 36 36 36 36 36 34 35 36 37 42 36 37 36 37 56 37 36 36 36 36 36 37 37 35 42 38 36 36 36 36 36 34 43 48 34 55
36 36 37 32 63 46 36 59 36 35 46 41 64 37 36 36 39 37 36 36 36 35 58 41 35 38 42 35 36 36 35 57 39 35 36 36 36 36 37 38 35 42 38 36 36 36 36 36 34 42 52 38 56
37 37 38 33 51 59 33 63 35 35 47 40 66 39 36 36 39 37 36 36 36 35 45 38 35 38 40 35 38 44 33 57 42 35 36 36 36 37 37 37 39 40 38 36 36 38 37 36 35 45 52 44 51
39 38 38 34 49 57 33 64 42 35 46 38 68 37 35 36 39 38 36 36 37 36 35 35 36 37 43 39 38 38 33 55 46 35 38 36 36 36 36 36 41 41 38 36 36 36 36 37 35 44 55 44 49
38 37 37 36 41 42 35 45 42 36 53 45 71 41 40 37 38 37 37 38 38 36 37 37 36 37 41 35 39 39 32 56 52 33 38 36 36 36 38 39 36 41 39 36 36 38 36 36 36 44 59 57 55
36 39 37 36 39 42 36 43 36 38 47 48 83 45 58 38 38 36 38 39 36 36 37 36 36 36 41 36 40 39 34 46 48 37 36 36 37 36 40 51 39 50 45 37 41 41 37 38 38 49 61 60 57
49 40 43 39 42 41 39 41 37 38 44 57 78 45 45 36 39 37 36 36 36 37 37 37 37 38 42 39 39 36 35 41 47 37 36 37 38 37 42 56 50 39 43 40 39 40 39 38 43 54 55 55 55
52 47 47 37 44 40 36 45 37 35 42 40 56 42 36 37 38 42 37 37 36 38 39 38 38 41 39 36 37 37 35 47 49 37 36 39 40 36 36 42 42 46 54 47 45 47 39 37 39 54 68 84 65
45 46 46 37 47 39 38 47 36 36 39 37 55 41 36 36 36 41 37 37 37 37 38 37 37 39 44 50 44 43 42 54 42 36 37 37 37 43 55 54 42 45 52 52 49 44 39 40 53 71 78 89 71
53 53 51 44 41 37 40 54 42 40 41 40 59 45 36 44 47 38 37 37 37 37 39 43 52 61 72 65 64 53 52 57 44 41 38 39 37 35 76 109 72 44 52 49 58 58 41 42 63 68 78 82 62
57 59 55 47 41 39 37 47 41 42 48 40 66 48 36 43 41 38 37 39 39 37 48 63 85 96 101 92 84 67 77 73 53 44 37 36 37 35 88 99 73 60 77 64 55 48 49 42 44 57 67 55 53
41 49 59 57 37 51 37 52 36 44 43 39 66 60 51 50 52 42 49 43 37 38 48 66 92 111 125 131 135 111 101 76 69 55 36 45 40 50 100 103 72 69 73 59 48 44 42 39 55 59 58 49 40
36 42 70 55 39 38 36 52 42 35 40 41 84 77 50 56 52 39 41 47 50 36 43 94 114 105 121 129 134 124 106 77 71 55 35 44 43 39 70 86 82 64 56 55 48 45 40 41 49 48 53 53 41
39 61 45 51 45 37 36 47 42 37 41 44 74 87 67 78 89 72 57 79 50 35 37 53 72 72 73 68 57 67 81 57 58 56 56 40 39 40 47 57 65 61 55 51 44 38 37 38 47 51 61 48 37
35 62 68 44 54 54 37 75 56 41 40 59 71 66 86 88 101 106 67 71 53 38 40 51 72 81 70 59 63 53 78 79 71 50 58 63 46 40 55 85 65 76 71 55 46 42 49 50 69 55 75 80 59
35 51 48 40 42 56 41 60 57 39 39 49 66 66 83 90 85 83 80 67 36 43 42 58 69 72 76 70 59 63 87 89 95 91 98 81 45 44 58 79 66 60 68 51 46 47 57 52 53 58 64 68 61
51 48 50 45 39 48 39 37 48 44 40 50 68 51 70 77 70 56 59 51 38 37 41 48 54 55 55 52 56 79 118 116 84 87 96 80 45 43 44 62 63 50 46 45 45 39 41 48 83 119 120 106 102
65 61 69 55 48 65 73 62 55 51 43 53 72 51 90 80 58 49 38 39 37 39 42 36 36 36 36 36 41 43 123 152 128 123 115 102 68 38 54 58 55 51 49 57 66 40 63 64 69 100 123 116 103
40 42 63 68 66 76 96 87 78 70 54 68 80 67 81 52 34 37 35 35 49 50 41 41 39 40 39 39 40 32 134 204 203 192 171 132 47 40 51 43 42 38 42 41 42 42 41 61 94 102 132 138 118
40 37 40 82 94 86 90 109 114 101 78 65 55 61 72 46 41 45 55 45 42 42 37 39 39 39 39 40 43 40 68 169 192 181 171 131 40 41 43 43 47 39 40 41 39 42 39 60 130 126 109 95 74
37 38 38 48 114 135 118 112 108 125 99 60 56 57 36 41 44 46 53 43 38 38 39 38 39 39 40 40 39 42 31 113 197 152 104 66 38 41 40 39 39 40 42 40 40 45 39 62 117 99 101 105 93
37 40 39 36 72 117 128 151 154 132 63 59 56 47 41 39 40 38 35 38 38 38 38 40 39 39 39 39 39 40 37 86 129 125 121 56 40 45 40 40 41 42 38 49 45 46 29 103 144 66 102 92 56
37 37 38 37 43 52 72 102 116 109 50 54 57 52 55 37 38 38 39 38 39 40 38 45 42 38 39 38 38 39 35 69 60 28 89 101 40 42 40 39 39 54 40 50 42 46 57 123 104 37 93 67 34
37 37 38 38 43 41 43 37 29 38 42 43 61 69 60 36 39 38 40 38 40 41 39 41 39 39 37 46 54 40 33 69 79 52 41 40 40 40 40 40 39 37 39 46 39 59 61 105 131 53 57 59 67
37 37 37 37 36 37 36 38 38 46 62 117 124 94 71 35 39 38 38 38 38 38 40 41 38 39 38 41 57 54 38 86 68 42 41 42 50 41 40 41 43 40 39 39 37 53 66 68 136 59 43 41 37
37 37 37 37 37 37 37 39 32 69 137 175 180 125 79 35 39 38 38 38 38 39 38 38 38 38 39 36 44 88 116 70 34 40 42 42 56 46 36 36 38 38 38 40 37 34 34 43 97 55 37 46 48
36 37 37 37 37 37 37 38 37 115 103 162 187 163 68 34 41 38 38 38 38 41 38 38 38 38 38 38 38 68 81 46 36 40 40 37 35 36 48 53 37 40 40 37 48 59 42 49 93 53 49 48 47
41 38 37 37 37 37 37 35 45 158 65 97 158 147 54 36 54 39 37 38 38 40 38 38 38 38 37 40 42 34 33 37 38 38 37 37 39 38 45 48 37 50 41 40 52 44 45 77 86 44 40 45 71
39 37 39 37 37 37 37 37 42 123 112 36 103 70 29 40 90 48 37 38 38 37 38 40 38 38 38 38 38 38 40 40 38 38 41 45 37 40 37 36 38 40 42 39 37 35 42 112 81 34 38 38 36
36 37 37 37 37 37 40 58 39 24 113 106 86 61 33 64 78 38 39 38 38 38 38 38 38 38 38 38 39 39 39 38 39 38 43 47 37 38 38 38 40 57 50 38 39 40 36 85 74 36 40 37 38
37 37 37 37 37 36 40 73 49 27 89 96 54 56 46 97 69 34 39 39 38 38 38 38 38 39 39 38 39 40 40 40 40 40 39 38 40 39 39 39 39 39 38 39 38 40 38 35 37 39 38 47 41
37 37 37 37 38 39 34 83 96 61 89 46 40 50 57 73 49 37 41 39 39 39 39 38 39 39 39 39 39 40 40 40 39 39 39 39 39 39 41 41 40 41 41 41 39 39 39 41 40 39 39 43 40
37 37 37 37 37 39 34 69 111 78 72 38 38 38 37 34 37 43 44 39 40 40 39 39 40 41 40 40 40 40 40 40 39 39 41 44 39 44 63 41 40 41 41 41 41 40 40 40 40 40 39 39 39
37 37 38 38 38 38 38 38 57 51 37 39 40 40 41 41 42 42 41 43 42 42 42 42 40 54 46 43 44 43 42 42 42 41 44 51 44 43 48 43 45 44 41 41 41 40 41 41 40 40 39 40 40
