P2
97 27
# 72
255
164 162 162 159 156 158 163 161 161 160 160 162 165 164 163 160 159 158 157 156 155 158 158 157 159 160 155 149 149 149 148 151 155 155 157 161 161 159 163 164 164 162 160 159 161 164 169 165 157 157 155 152 152 150 158 170 185 203 213 215 211 209 209 220 214 203 181 166 191 197 182 177 187 185 195 180 198 203 194 180 192 175 162 185 180 184 186 187 190 193 190 176 173 179 168 195 174
159 155 155 155 152 151 159 159 160 158 156 160 166 167 168 171 171 170 167 165 164 162 161 161 160 162 163 159 157 156 153 153 150 147 144 145 148 146 145 146 148 148 149 151 153 159 164 174 174 169 167 166 166 167 163 161 163 175 199 210 210 209 189 149 202 217 218 214 217 211 194 180 177 174 172 160 168 177 172 175 185 180 167 156 173 182 172 165 177 173 181 158 165 183 182 195 185
153 164 169 152 160 190 206 199 195 184 191 191 181 185 184 183 183 181 179 177 176 177 177 175 178 178 179 179 176 174 176 180 180 180 177 176 174 175 172 164 164 165 161 157 154 152 154 158 165 169 170 164 164 167 167 168 173 175 173 176 193 204 168 43 142 201 201 207 199 201 199 186 172 163 154 160 160 167 158 159 157 163 158 147 145 133 126 141 147 165 170 186 182 196 213 194 169
153 198 201 185 221 191 173 190 177 176 178 177 158 171 175 197 177 191 181 185 183 175 172 171 170 174 173 173 173 173 173 173 175 178 182 185 186 188 192 188 184 183 183 181 177 177 175 173 171 173 173 172 164 161 161 163 160 160 155 163 195 195 140 68 167 119 145 156 147 151 172 192 183 186 167 159 155 153 160 160 157 153 147 141 144 147 144 129 122 126 118 127 127 140 145 181 191
153 204 192 175 152 111 110 91 100 98 93 77 116 142 87 86 101 103 125 124 150 182 185 179 167 164 162 160 163 162 159 157 152 146 149 152 154 156 161 165 166 165 167 172 173 174 174 176 177 181 183 189 191 183 178 174 170 167 171 168 178 169 115 99 111 75 84 98 85 102 112 121 114 151 183 187 183 185 163 169 168 170 158 154 152 149 149 138 138 132 113 96 90 104 99 115 150
181 209 178 123 93 96 90 76 92 103 76 68 89 120 93 91 97 117 130 120 106 132 143 171 189 161 159 156 154 155 155 157 153 148 145 144 144 144 143 143 145 145 143 142 144 146 147 149 151 154 161 168 176 183 186 183 178 182 167 114 126 105 98 95 88 111 87 95 99 90 79 66 91 92 85 92 107 124 125 139 146 158 155 149 152 145 140 148 154 153 121 112 132 136 131 123 131
185 181 112 86 97 104 100 123 130 108 82 67 68 113 103 84 120 162 135 153 126 134 93 131 155 136 144 152 150 152 150 149 148 147 144 141 142 141 140 137 136 138 136 133 131 130 131 133 133 132 131 132 134 138 146 155 154 114 78 94 83 53 90 100 103 125 125 124 115 107 75 70 93 96 74 76 69 78 99 77 99 135 153 169 161 157 157 146 149 147 152 158 137 141 120 134 122
167 145 40 51 72 96 107 106 123 128 75 62 90 77 78 83 90 130 149 111 88 65 103 99 96 116 128 114 143 151 153 147 146 145 141 139 140 140 139 138 135 135 137 134 133 132 132 133 135 134 133 132 129 128 127 130 134 83 59 71 57 54 98 87 62 106 115 136 136 116 90 69 67 104 95 81 93 104 100 113 105 117 96 152 155 137 153 171 151 154 173 177 147 142 139 160 151
180 111 44 70 54 76 63 75 85 112 108 115 91 73 71 67 69 77 103 89 87 86 88 116 79 78 93 89 72 121 154 151 147 147 145 143 144 147 146 147 142 138 136 136 135 131 131 129 132 133 134 134 132 129 130 128 128 138 151 68 61 110 137 132 96 77 82 108 126 136 74 66 91 91 89 77 77 97 95 101 86 94 84 101 104 107 118 140 171 167 154 150 156 163 152 165 169
129 28 46 53 98 137 104 84 70 64 107 98 85 84 84 89 68 81 84 90 82 116 84 91 76 50 60 79 69 74 122 153 149 148 150 146 143 137 136 136 138 137 135 134 134 131 131 128 128 129 131 132 132 130 127 128 128 126 134 117 138 146 136 139 143 135 112 90 87 123 109 108 89 73 68 70 61 65 96 69 78 56 99 101 85 111 109 92 107 151 149 143 139 144 146 152 146
142 94 65 96 154 158 159 158 144 141 118 96 79 80 70 60 59 70 89 92 94 110 109 84 81 68 74 85 70 83 101 152 151 151 149 151 148 143 139 137 138 144 144 144 148 150 150 150 148 144 144 143 142 141 140 138 135 132 133 138 134 141 144 141 137 139 144 145 133 96 126 111 95 88 86 91 65 73 76 92 80 101 74 105 70 51 73 81 57 101 159 141 139 145 139 158 164
156 157 124 148 149 142 142 145 145 190 180 115 66 79 68 52 44 77 83 101 102 93 87 87 89 61 63 67 71 79 89 146 151 153 149 148 153 148 144 138 138 143 151 152 153 155 159 160 157 151 147 148 150 150 150 153 150 145 141 139 138 139 143 150 152 147 141 146 210 167 151 95 88 83 75 78 62 66 83 82 80 107 101 84 76 65 75 87 82 77 150 188 188 181 160 177 177
151 150 159 146 148 146 145 146 146 152 181 114 86 53 64 69 65 67 66 66 74 83 95 76 56 66 54 54 68 61 68 136 156 150 154 147 150 150 145 142 135 135 136 140 136 135 136 138 141 140 135 133 133 133 133 134 138 137 134 135 141 139 136 139 143 150 149 141 186 168 155 136 76 92 74 55 53 64 83 95 93 99 96 90 86 64 77 78 79 90 131 214 217 211 210 183 163
155 153 150 152 151 149 148 150 154 150 168 117 81 90 53 67 80 54 54 61 55 65 90 97 65 55 63 60 59 48 59 122 153 147 145 149 145 150 151 149 145 139 137 134 135 135 136 137 140 142 140 136 131 131 130 129 131 131 130 125 127 134 133 130 132 135 144 140 162 159 59 125 91 62 68 67 60 70 73 85 93 86 90 83 77 67 59 60 80 76 109 187 185 188 195 180 157
154 154 153 153 153 152 151 151 151 148 162 179 101 54 130 78 60 52 33 34 39 41 49 74 61 32 47 49 39 45 45 134 161 160 164 169 172 165 169 168 166 161 151 148 146 144 139 140 134 137 140 140 137 132 128 129 128 128 129 130 129 124 127 131 127 125 127 128 141 152 39 43 112 78 47 63 71 53 60 59 62 78 98 86 57 69 60 70 70 62 85 158 176 172 169 176 174
157 153 151 151 152 151 149 150 148 150 188 150 53 97 174 120 42 114 129 71 50 42 59 45 24 8 0 28 27 35 41 108 162 153 163 163 170 173 169 175 174 172 168 159 157 154 149 145 140 136 134 138 140 135 130 126 126 126 127 129 136 133 124 125 130 130 126 121 150 147 71 36 78 145 110 69 62 42 36 54 53 58 79 96 61 43 64 58 55 59 73 156 160 173 184 189 191
187 185 180 178 177 173 169 168 161 179 148 61 117 163 162 134 47 112 176 169 162 151 168 136 33 27 36 42 47 29 58 51 139 177 167 174 177 183 182 180 180 179 174 170 161 162 165 160 157 152 151 149 148 148 148 143 136 134 133 134 139 144 139 133 132 133 130 140 167 124 55 104 135 128 145 123 52 54 48 30 30 31 46 48 27 4 20 45 40 49 59 151 176 174 178 185 180
197 197 195 193 195 197 193 195 166 111 79 158 187 176 183 154 42 107 184 175 178 169 182 148 49 104 129 139 149 74 38 53 72 153 196 192 197 200 203 201 199 202 200 198 198 192 193 190 185 183 180 178 173 168 169 168 158 152 147 144 142 143 147 148 144 140 143 160 128 61 108 147 144 144 147 149 74 51 133 132 113 105 139 81 21 10 11 42 35 44 68 89 175 184 182 185 182
192 193 193 192 193 194 191 202 128 56 175 193 185 188 194 162 56 96 187 182 183 173 193 112 76 177 175 176 176 177 118 49 38 66 119 183 194 197 197 203 201 197 201 201 199 200 197 196 191 187 184 182 183 178 171 166 167 162 155 147 146 147 150 154 161 160 118 92 74 132 148 139 138 140 145 152 112 34 104 151 144 140 147 167 70 42 85 122 105 38 51 61 110 178 183 191 196
192 192 193 189 190 192 190 200 121 116 197 183 186 185 189 178 83 69 181 184 181 177 185 86 110 185 173 178 177 177 185 164 105 56 56 158 194 194 195 198 201 201 196 202 200 199 200 193 196 192 186 188 189 189 187 182 184 179 181 177 172 169 170 169 172 163 56 88 163 170 166 170 167 163 162 166 144 51 73 150 146 147 149 176 75 87 166 152 159 139 76 48 55 111 165 179 184
194 193 193 192 192 193 190 197 162 106 191 187 187 187 187 191 141 63 176 187 178 188 146 43 120 187 175 182 183 180 181 180 188 131 38 132 193 189 196 193 198 204 202 198 203 201 199 198 193 192 190 189 188 187 187 188 183 180 179 178 179 175 168 163 183 105 83 170 168 166 168 171 172 174 173 173 174 99 41 140 177 170 169 184 107 83 180 172 173 175 171 119 68 61 84 192 219
192 192 193 191 192 191 191 196 169 65 164 195 189 188 184 190 164 105 186 186 191 173 70 86 172 185 181 181 186 184 181 184 178 185 71 104 193 188 193 193 197 200 204 202 199 206 199 196 198 186 182 188 187 187 188 187 184 182 179 177 178 178 175 178 145 73 164 170 166 165 164 164 166 167 170 168 170 155 67 127 180 168 161 180 127 54 159 175 176 174 171 181 170 108 50 146 231
192 193 192 190 190 191 191 200 122 48 176 193 189 189 186 197 141 121 192 163 124 67 99 184 189 186 187 185 187 188 185 185 180 187 91 88 190 186 190 192 192 193 200 204 198 200 205 201 205 202 195 189 185 185 185 183 183 184 180 176 175 182 149 94 49 115 173 167 169 165 163 163 164 165 164 167 173 156 73 141 174 172 176 183 86 76 166 173 174 176 179 176 174 183 97 74 187
191 192 190 191 190 189 189 193 114 125 184 175 175 181 135 101 62 130 162 40 18 95 182 181 186 187 189 189 187 190 192 190 195 148 55 71 185 195 196 198 197 198 199 205 208 200 206 206 202 203 195 187 185 186 181 185 184 186 185 181 178 181 124 63 98 165 166 167 170 172 168 167 167 164 165 164 158 119 55 142 166 167 141 81 91 166 172 171 175 175 174 177 178 181 167 69 142
190 189 189 187 187 188 187 185 175 164 163 164 162 165 133 99 91 129 135 110 105 126 127 130 134 137 138 142 141 145 152 149 151 105 40 77 156 159 161 167 170 173 176 179 189 193 190 197 202 196 194 190 184 185 181 182 187 187 185 182 179 175 171 164 158 148 142 143 144 149 153 155 153 152 150 139 59 44 43 142 133 82 38 99 169 177 175 177 178 182 183 185 187 183 178 75 74
191 189 187 188 188 184 186 186 179 178 181 179 178 175 174 175 175 173 171 176 179 175 177 175 174 174 170 164 157 144 140 133 123 116 100 94 101 103 106 112 115 115 118 121 127 141 145 143 158 183 191 197 191 185 190 186 180 187 186 186 186 182 177 173 169 169 170 164 157 151 155 160 158 154 149 143 126 110 107 127 125 111 107 127 124 127 135 136 135 136 144 149 154 172 139 37 80
189 188 186 185 184 181 185 186 181 179 182 179 179 176 172 167 167 172 170 170 173 174 176 176 176 179 177 174 169 150 143 145 147 146 148 146 148 151 152 152 154 153 151 157 157 163 170 172 182 192 196 194 199 191 184 190 184 180 187 184 184 186 179 175 174 173 173 174 168 164 162 164 168 168 164 158 155 151 152 153 158 167 164 155 160 153 156 162 156 151 142 134 127 127 126 97 106
