P2
68 38
# 43
255
102 105 112 116 119 117 114 112 114 89 80 66 86 135 126 174 182 177 176 179 182 184 187 185 185 188 183 183 187 186 181 187 190 180 184 172 179 184 180 186 182 181 192 194 187 184 187 188 185 185 185 182 182 187 183 180 180 180 178 183 173 176 164 63 38 43 39 37
61 58 64 69 74 82 87 91 96 90 86 68 86 114 106 150 184 178 171 176 179 185 188 185 185 182 184 190 191 187 185 193 182 183 186 178 190 181 183 188 185 188 189 193 190 186 188 187 186 184 183 182 181 187 186 181 179 178 179 181 172 177 168 70 45 48 46 45
123 118 105 102 91 83 75 63 60 53 48 47 46 45 48 116 184 178 172 175 178 182 187 182 177 180 189 189 186 183 191 190 182 187 181 187 190 176 183 188 183 189 191 190 188 187 191 187 186 185 185 186 182 181 185 179 178 182 186 183 171 177 170 71 42 48 46 44
129 134 135 133 130 133 140 133 130 116 103 93 77 70 75 141 183 179 171 171 174 180 181 176 176 185 188 188 181 183 188 183 187 184 179 189 182 176 186 187 181 187 191 191 186 182 193 192 188 188 188 188 185 180 186 184 180 179 185 185 174 176 174 68 36 43 42 42
158 159 157 147 141 141 145 156 159 150 143 136 126 116 140 160 174 177 172 173 172 180 181 177 180 184 188 181 185 188 182 184 194 184 182 190 182 179 185 184 181 189 190 190 187 185 188 189 187 188 190 189 187 185 187 186 182 178 182 183 176 181 176 67 29 35 35 38
165 168 167 170 172 169 174 178 179 177 172 170 165 153 151 155 154 139 156 178 175 177 185 185 182 181 182 180 189 185 177 188 189 178 186 191 184 183 187 186 182 190 188 188 187 189 195 186 185 190 189 187 186 186 184 187 186 179 184 184 175 186 173 87 87 94 90 85
175 176 177 176 176 177 182 182 181 178 178 181 180 182 183 185 187 169 162 178 180 178 182 182 180 174 172 183 191 183 181 191 183 181 191 189 185 184 187 183 182 188 187 186 185 187 173 191 177 164 182 184 184 183 181 186 190 185 186 186 179 185 176 96 81 101 110 111
176 179 182 182 184 184 183 185 184 182 182 182 182 183 183 184 185 183 176 177 179 181 185 186 183 173 173 180 185 179 186 189 179 186 190 184 189 186 182 179 182 188 188 187 185 186 134 128 53 101 192 181 183 182 178 181 188 186 191 187 180 186 185 140 89 99 102 95
170 177 182 179 181 182 178 179 181 181 183 183 182 185 185 184 182 181 176 178 180 181 183 186 190 182 177 179 172 177 185 183 185 189 188 183 189 185 183 181 185 187 189 189 187 191 136 94 94 106 113 171 185 183 180 177 181 180 188 191 170 152 159 159 153 161 159 156
167 176 178 175 177 179 177 177 182 181 181 185 185 186 187 186 186 181 176 180 181 183 183 182 186 189 185 180 166 182 182 180 189 189 185 186 191 187 185 181 188 189 189 192 188 187 174 115 115 59 80 181 185 180 184 187 182 178 184 188 177 171 172 168 177 181 178 174
169 168 170 170 172 176 179 181 183 182 185 185 183 182 186 188 188 183 178 182 183 185 185 182 182 188 190 182 171 182 184 182 193 189 181 188 194 191 187 181 187 185 184 191 191 187 180 129 116 97 84 139 184 181 167 142 147 165 183 184 184 191 189 189 189 188 190 188
171 167 167 167 167 168 177 185 186 184 185 184 183 185 185 187 186 184 180 180 182 184 185 183 180 184 189 187 177 182 184 184 200 193 182 190 194 194 189 184 188 188 186 190 194 196 192 134 134 90 65 120 191 153 68 43 70 112 179 180 181 186 183 184 187 191 192 189
170 172 174 167 162 166 174 185 187 182 179 180 184 187 188 187 188 186 181 180 182 184 185 186 185 185 187 187 187 186 186 187 195 192 188 196 194 195 191 188 193 195 193 192 183 161 167 161 157 128 66 126 200 91 39 56 94 129 176 185 188 194 191 189 188 192 190 187
168 171 170 164 163 172 177 182 180 179 180 183 184 184 183 183 187 186 183 183 184 184 185 185 187 187 187 187 185 188 187 190 190 192 195 204 199 195 193 192 195 194 199 191 96 62 67 103 127 135 144 132 124 33 40 39 54 55 77 123 130 132 155 177 188 193 189 188
169 172 173 168 166 171 176 179 179 178 179 180 181 181 182 183 182 184 183 183 181 183 187 185 188 188 187 187 188 190 190 194 195 195 195 203 207 199 194 193 193 196 183 134 105 72 64 64 99 130 119 115 73 28 38 42 35 44 62 62 112 112 111 140 188 195 194 191
168 172 172 167 165 168 174 178 180 179 179 179 182 182 185 184 182 187 180 179 181 184 188 189 187 187 189 190 192 193 194 195 197 199 198 199 203 201 194 193 196 202 186 162 145 76 42 43 73 94 60 55 65 40 44 45 37 42 56 42 89 131 134 174 201 197 192 196
165 172 170 167 167 166 172 179 181 179 181 179 178 182 187 186 183 189 189 183 182 184 187 188 188 189 192 192 193 196 194 196 198 200 200 200 197 196 196 192 200 204 203 201 196 157 52 32 38 73 52 28 60 50 55 54 33 50 60 61 84 129 112 86 107 170 198 195
167 175 171 169 174 173 174 181 183 181 183 177 176 182 187 186 185 167 119 122 174 187 183 188 189 191 194 196 195 196 196 197 199 201 202 203 201 200 199 196 198 200 199 195 188 171 118 28 40 84 66 35 32 22 48 63 39 45 70 112 110 130 124 108 121 94 144 199
168 176 175 169 172 176 180 182 184 184 181 176 178 180 184 188 187 87 37 59 97 170 188 188 191 197 197 198 198 196 198 202 202 200 202 202 201 200 200 199 198 196 194 200 193 162 178 74 67 89 50 40 53 84 54 43 34 39 59 109 134 142 135 80 99 168 183 190
165 168 167 166 166 169 177 181 184 182 181 180 183 187 171 108 137 97 43 46 51 101 192 192 196 201 201 200 203 204 204 205 204 205 205 201 201 201 200 199 197 200 196 165 176 171 176 93 54 83 54 27 44 167 150 55 33 45 48 93 133 151 139 96 91 81 156 201
163 166 168 167 168 164 165 174 177 175 178 181 184 185 163 72 66 73 39 48 60 74 179 193 196 201 202 201 203 206 206 205 202 204 203 202 201 197 197 197 201 164 145 122 84 132 117 66 47 70 104 28 29 135 195 127 39 50 46 70 122 143 145 114 96 129 114 163
159 166 169 172 172 165 166 174 175 171 172 176 172 182 137 99 99 78 73 70 74 73 170 189 188 192 192 194 195 198 198 197 195 193 191 191 195 198 191 187 188 160 119 118 76 65 85 62 70 90 78 40 31 111 182 175 81 47 52 54 111 129 141 116 122 94 167 197
163 169 169 173 170 161 161 167 172 176 173 172 160 184 144 64 87 82 81 87 57 74 167 178 179 181 180 182 183 186 190 193 191 188 189 186 176 150 154 175 177 169 155 177 152 114 168 131 136 93 41 44 62 99 181 180 155 54 39 34 81 107 131 126 105 152 122 196
165 169 170 173 169 159 159 163 166 170 170 167 161 176 180 108 72 78 81 70 66 112 181 172 174 175 179 182 183 186 188 189 189 190 180 134 131 137 146 136 135 145 177 189 195 180 97 83 78 52 51 82 83 70 182 179 182 68 62 140 136 81 116 120 127 131 195 186
160 165 166 170 175 168 168 167 169 170 173 168 161 166 184 120 63 58 70 50 50 158 176 173 175 175 178 183 183 185 184 185 186 187 183 156 122 161 175 179 187 194 192 189 188 192 107 109 136 133 77 73 163 107 181 188 190 160 168 195 191 181 155 153 143 159 186 198
163 167 168 170 174 174 173 171 175 174 174 176 170 177 148 73 59 30 34 43 141 175 170 175 178 180 181 182 184 184 185 186 187 187 183 178 185 190 190 190 190 187 188 189 191 187 182 194 200 208 119 84 164 159 194 193 191 196 191 185 187 191 194 195 180 197 193 192
161 162 162 169 170 166 169 171 173 173 175 176 185 149 100 104 59 32 27 89 179 167 174 180 183 186 186 183 184 187 186 189 191 190 192 194 192 189 192 191 189 190 189 189 188 187 184 182 184 195 137 104 94 156 198 191 190 192 192 192 190 189 190 194 196 191 194 193
161 165 165 168 171 167 169 175 174 172 173 174 172 77 58 77 66 31 44 151 173 173 176 177 181 184 183 183 187 189 185 187 188 190 189 187 190 191 191 189 189 190 187 185 189 192 189 187 185 194 165 103 78 143 197 185 189 189 192 192 192 191 195 196 195 196 198 197
170 174 176 171 175 174 169 170 170 168 172 186 124 50 78 55 55 27 107 177 171 178 177 176 178 179 180 183 186 185 183 187 187 187 189 188 189 192 192 192 192 194 193 193 195 195 190 193 191 189 180 109 95 107 193 184 185 188 190 190 190 191 195 195 194 196 198 196
176 181 179 178 179 178 177 176 174 181 179 181 99 45 82 61 32 50 155 170 174 178 181 182 182 184 183 185 187 186 187 191 189 191 193 193 191 195 196 195 194 194 196 198 196 197 194 193 194 191 188 110 112 66 161 190 184 187 188 187 187 188 192 195 193 194 195 195
175 174 187 186 187 182 184 186 178 109 94 161 88 55 50 31 37 107 175 170 178 180 185 184 184 184 185 186 191 193 189 190 191 194 195 194 194 194 194 194 194 194 196 197 195 196 194 194 194 193 197 150 84 80 126 197 187 188 191 190 190 191 193 198 197 197 196 196
110 143 177 162 160 175 181 182 163 76 123 147 84 88 88 42 62 163 173 172 178 182 185 181 182 185 188 187 191 192 189 193 195 194 195 194 193 193 194 195 195 197 198 198 198 197 196 196 196 193 198 164 90 101 95 181 194 190 194 194 194 193 192 200 200 198 196 194
151 142 124 104 97 141 178 140 75 133 194 103 74 132 110 44 126 181 170 173 180 181 179 178 180 185 188 187 187 192 192 191 195 195 193 194 194 196 198 199 198 198 200 198 199 201 198 197 197 194 194 197 114 67 101 174 195 192 197 195 197 199 199 200 195 194 193 190
142 106 95 97 145 125 142 104 70 109 137 70 54 133 56 73 177 173 172 175 179 177 180 180 183 185 188 189 187 194 193 192 196 195 191 191 195 197 198 198 197 198 199 198 198 198 199 198 197 198 196 197 153 78 85 168 199 193 197 197 198 200 199 196 193 195 193 190
82 107 116 118 106 106 83 98 102 91 67 67 70 69 58 137 186 172 176 180 180 180 181 181 185 185 184 186 189 193 193 193 193 194 192 191 196 198 198 198 198 198 199 198 198 199 201 199 197 198 197 193 189 97 96 166 201 192 196 198 198 196 194 192 194 201 197 188
85 66 102 147 57 42 48 71 82 90 40 44 53 63 110 152 178 164 165 172 178 179 178 180 183 182 182 183 185 190 194 189 191 191 193 192 194 198 199 197 198 197 197 200 200 201 201 199 198 198 198 199 201 105 124 190 196 194 195 196 197 196 190 188 190 194 192 187
58 50 34 75 118 66 50 93 47 27 47 35 39 78 119 149 180 163 160 167 178 182 182 183 183 183 184 185 185 191 197 194 190 190 193 196 195 196 199 198 200 199 197 199 200 201 201 200 200 200 199 199 202 158 172 201 199 199 197 196 198 195 186 184 187 185 181 181
49 49 38 31 42 64 66 88 40 39 30 40 36 114 150 152 185 170 167 169 182 186 186 185 183 185 187 186 185 192 195 195 192 189 189 191 196 196 198 200 201 200 199 199 198 200 200 200 201 200 199 201 201 201 200 201 201 200 198 196 195 192 180 177 181 180 176 180
