P2
73 35
# 43
255
240 240 241 241 241 242 242 243 243 243 244 244 244 243 244 244 245 245 245 245 246 246 246 246 246 246 247 247 246 247 247 247 247 247 247 247 247 247 248 248 248 248 248 248 248 248 248 248 248 248 247 249 243 214 249 247 247 247 247 247 247 247 247 247 246 247 246 246 246 246 246 245 245
240 241 241 241 242 242 242 243 243 243 243 243 243 243 244 244 244 244 245 245 245 245 246 246 246 246 246 246 246 246 246 247 246 247 247 247 248 248 248 248 248 248 248 248 248 248 248 248 247 245 248 255 197 201 252 246 247 247 247 247 247 246 247 247 246 246 245 245 245 246 245 245 244
240 241 241 241 241 242 242 243 242 243 243 243 243 243 244 244 244 244 244 245 245 245 245 246 246 246 245 246 246 246 246 246 246 247 247 247 247 247 247 247 248 248 248 248 248 248 248 244 223 238 255 177 130 205 251 246 247 247 247 247 247 247 246 246 246 246 246 246 246 245 245 245 245
240 240 241 241 241 242 242 242 242 243 243 243 243 243 244 244 244 244 244 245 245 245 245 246 246 245 245 246 246 246 246 247 247 246 247 247 246 247 247 247 247 247 248 248 248 247 250 228 198 216 147 95 114 223 252 246 246 247 247 246 247 246 246 246 246 246 246 245 245 245 245 245 245
240 240 240 241 241 242 241 242 242 242 243 243 243 243 243 243 243 244 244 244 245 245 245 245 245 245 245 245 246 246 246 246 246 246 247 247 247 247 247 247 248 248 248 248 247 248 243 161 129 133 90 113 129 239 250 246 246 246 247 246 246 246 246 246 246 245 245 245 245 245 244 244 244
240 240 241 241 241 241 242 242 242 242 243 242 243 243 243 243 243 243 244 244 245 244 245 245 245 245 245 245 245 245 246 246 246 247 247 247 247 247 247 247 247 247 247 248 246 255 173 98 127 132 110 100 176 255 245 246 246 247 247 246 246 246 246 246 246 245 245 245 244 245 244 244 244
240 240 241 241 241 241 241 242 242 242 242 242 242 243 243 243 243 243 244 244 244 244 244 245 245 245 245 245 245 245 246 246 246 246 246 246 247 246 247 247 247 247 247 245 255 203 103 118 139 138 117 94 195 255 245 247 247 247 246 246 246 246 246 246 245 245 245 245 244 244 244 244 244
239 239 240 240 240 241 241 241 241 242 242 242 242 242 243 243 243 243 244 244 244 244 244 244 244 245 245 245 245 245 245 246 246 246 246 246 246 246 246 246 244 246 246 252 229 116 116 131 142 137 100 100 230 251 246 246 247 246 246 246 246 246 246 245 245 245 245 244 244 244 244 244 243
239 240 240 240 240 241 241 241 242 242 242 242 242 242 242 242 243 243 243 244 244 244 244 244 244 244 244 245 245 245 245 245 245 246 246 245 246 246 245 251 255 252 246 250 139 134 147 139 144 124 73 109 251 246 246 246 246 246 246 246 245 245 245 245 245 245 245 245 244 244 244 244 244
239 240 240 241 240 241 241 241 242 242 242 242 242 242 242 242 243 243 243 243 243 244 244 244 244 244 244 245 245 245 245 245 245 245 246 246 246 244 251 226 173 213 255 159 125 164 167 149 137 112 53 156 255 244 247 246 246 246 246 246 245 245 245 245 245 245 245 245 244 244 244 244 243
239 239 240 240 240 241 241 241 241 241 242 242 242 242 242 242 242 243 243 243 243 243 244 244 244 244 244 245 244 245 245 245 245 245 246 246 245 245 248 114 35 64 167 115 178 183 169 129 111 70 49 226 251 245 247 246 246 246 246 245 245 245 245 245 244 245 245 244 243 244 244 243 243
239 239 240 240 240 240 241 241 241 241 242 242 241 242 242 242 242 242 243 243 243 243 243 243 244 244 244 244 244 244 244 244 245 245 245 245 245 248 234 196 75 49 52 126 181 202 171 134 112 29 148 255 243 247 246 246 246 246 245 245 245 244 245 245 244 244 244 243 244 244 243 243 243
239 239 239 240 240 240 241 240 241 241 241 242 242 242 242 242 242 243 243 243 243 243 243 243 244 244 244 244 244 244 244 244 245 245 245 246 245 245 244 255 144 68 90 133 179 200 197 128 97 33 205 253 241 244 246 246 246 246 246 245 245 244 245 244 244 244 244 243 243 243 243 243 243
239 239 240 240 240 240 240 240 241 241 241 241 242 242 242 242 242 242 242 243 243 243 243 243 244 243 244 244 244 244 244 244 244 244 245 244 245 245 242 253 185 68 124 164 170 192 189 126 65 51 237 251 255 252 244 246 245 245 245 245 244 244 244 244 244 244 244 243 243 243 243 243 243
238 239 239 240 240 240 240 240 241 241 241 241 241 242 242 242 241 242 242 243 243 243 243 243 243 243 243 243 244 244 244 244 244 244 245 244 244 244 244 247 239 79 115 175 150 169 181 92 39 129 255 234 160 201 252 243 245 245 245 244 244 244 244 244 244 243 243 244 243 243 243 243 242
238 238 238 239 240 240 239 240 240 240 241 241 240 241 241 241 241 242 242 242 242 241 241 243 243 243 243 243 243 243 243 244 244 244 244 244 244 244 245 242 255 174 96 171 159 115 72 44 105 207 140 70 26 112 250 244 245 244 245 244 244 244 244 244 243 243 243 243 243 243 243 242 242
238 239 238 239 240 240 239 239 240 240 240 240 240 241 242 241 241 242 242 241 247 251 250 242 243 243 243 243 243 243 243 244 243 244 244 244 244 244 244 245 245 246 153 140 151 146 96 135 194 59 27 49 57 46 235 248 244 244 244 244 244 243 243 243 243 243 243 243 243 242 242 242 242
238 238 239 239 239 240 239 240 240 240 240 240 241 241 241 241 241 242 241 249 209 128 195 252 241 243 243 243 243 243 243 243 243 244 244 244 244 244 244 245 243 246 244 169 136 137 180 188 161 69 53 64 42 62 242 246 244 244 244 244 244 243 244 243 241 241 242 242 242 242 242 242 242
237 238 239 239 237 238 239 240 240 240 240 240 240 240 241 241 241 241 244 231 109 47 76 242 243 243 243 242 243 243 241 246 247 242 243 243 244 244 243 244 244 243 248 215 161 131 141 147 107 83 51 60 34 79 253 243 244 244 244 243 243 243 243 243 250 254 247 240 242 242 241 241 241
238 238 239 238 246 244 238 240 240 240 240 240 240 240 240 240 241 238 253 181 59 68 137 216 247 241 243 242 243 242 251 230 225 248 242 243 244 243 243 243 243 243 245 238 171 142 100 60 49 56 56 63 17 150 255 242 244 244 244 243 243 243 242 244 206 176 224 251 240 242 241 241 241
237 238 235 243 207 218 241 239 240 240 239 240 240 240 240 240 241 238 255 126 44 60 227 250 240 242 242 242 241 248 208 78 68 216 249 241 243 243 243 243 243 243 247 227 139 230 122 32 64 68 65 45 44 225 248 241 243 243 243 243 243 240 251 202 79 92 77 194 250 239 241 241 241
236 237 255 218 60 113 254 236 239 239 239 239 239 239 239 240 239 246 221 71 50 31 169 255 239 241 242 242 239 255 136 29 50 203 252 240 243 242 243 243 242 243 242 246 241 255 123 37 52 69 80 16 119 255 247 251 243 242 243 242 242 240 251 179 105 90 84 133 228 242 241 240 240
240 242 157 62 37 60 191 246 237 239 238 239 239 239 239 239 239 246 188 123 96 97 146 237 241 241 241 241 239 255 111 33 39 127 251 241 242 242 242 242 242 242 243 243 241 253 124 60 70 73 25 44 231 167 109 178 248 243 241 242 242 241 240 240 207 136 211 209 199 215 230 241 240
236 138 72 78 81 73 65 206 244 236 238 238 238 238 239 238 243 207 166 186 163 190 169 185 246 240 241 239 248 189 87 61 82 59 186 253 240 242 242 241 242 242 242 242 240 253 120 49 67 18 35 196 248 88 90 88 158 249 243 241 242 241 240 247 223 180 197 211 208 212 224 243 238
168 54 93 119 116 77 59 158 251 235 237 238 238 238 238 237 242 178 156 164 195 184 156 165 242 240 240 242 235 97 104 119 105 66 117 249 240 241 241 241 241 241 242 242 239 253 136 30 42 76 192 255 224 127 124 138 141 152 233 244 240 240 239 244 217 166 195 153 148 130 112 232 241
174 67 71 88 94 68 65 167 248 234 237 237 237 237 237 238 237 176 188 176 192 186 174 180 238 241 239 245 220 98 99 87 62 59 87 241 241 240 240 240 241 241 241 241 241 241 241 219 211 250 248 245 211 99 124 79 105 105 143 253 238 240 239 242 227 178 137 78 76 145 71 195 248
126 56 61 73 87 69 55 175 247 234 236 236 236 236 237 237 236 162 137 93 155 132 74 114 228 242 238 245 216 91 49 53 58 33 103 249 238 240 240 240 240 240 240 240 240 240 241 246 248 240 238 246 217 116 103 46 63 90 53 194 250 237 239 237 247 175 119 125 130 141 109 140 250
173 77 59 89 99 62 57 194 244 234 235 235 236 236 236 236 236 106 93 26 37 40 32 114 231 240 237 241 227 125 80 86 64 42 186 249 237 239 239 239 239 239 239 239 239 240 239 239 238 240 240 239 244 146 63 94 87 81 61 82 234 239 238 238 237 244 147 66 76 62 97 100 242
248 133 55 92 95 64 79 230 236 234 235 235 235 235 235 235 236 208 93 77 61 57 75 112 244 236 238 235 251 136 75 97 56 119 253 236 238 238 238 238 238 238 238 238 239 239 239 239 239 239 239 238 243 221 111 119 107 122 131 130 239 241 237 237 235 242 216 84 89 79 47 75 223
234 219 70 90 82 39 140 246 231 234 233 233 234 234 234 234 234 239 129 83 45 46 78 196 246 234 235 244 204 42 26 47 68 235 244 236 237 237 237 237 236 237 237 237 238 237 238 238 238 238 238 238 235 251 234 140 83 104 102 82 145 231 237 236 236 234 251 166 199 113 64 81 191
227 239 105 78 99 50 158 234 231 232 232 233 233 234 234 234 235 228 185 82 37 35 84 177 224 237 235 240 108 56 41 157 164 173 219 239 236 237 237 237 237 237 237 238 238 238 238 238 238 238 238 237 239 212 184 125 105 159 216 217 216 228 236 233 235 226 180 137 191 128 33 11 27
208 211 135 63 81 87 158 193 208 217 222 224 227 227 228 227 223 212 191 145 55 39 53 141 203 210 214 212 202 197 173 148 141 155 193 214 221 226 227 230 231 232 231 232 233 233 233 233 231 231 229 226 225 201 169 144 147 170 194 206 217 220 217 217 208 212 192 167 157 178 122 88 128
191 193 80 16 23 45 146 171 179 189 194 200 204 208 206 203 201 194 203 149 55 46 46 131 195 190 193 195 193 186 183 179 178 186 186 190 196 202 205 206 205 205 206 207 207 208 206 206 209 208 207 206 205 206 210 203 196 188 183 186 191 197 198 198 198 196 195 194 188 178 186 190 196
145 141 54 60 44 39 122 141 136 140 143 150 151 152 152 150 151 149 162 132 37 43 29 66 159 152 155 154 153 153 153 153 151 152 152 154 154 155 155 155 158 159 160 159 161 160 158 155 158 158 158 159 159 158 156 154 154 152 153 150 149 152 153 152 151 150 149 146 147 148 144 144 142
141 150 160 167 158 158 148 139 142 140 141 138 136 137 140 141 142 142 156 137 30 27 39 89 159 148 148 149 148 149 150 150 148 148 149 147 150 149 150 149 155 150 148 154 154 153 150 155 155 149 150 156 158 157 158 155 156 157 156 156 154 153 156 153 152 155 158 158 159 160 159 163 163
