10000
45
1 0
2 1
3 1
5 4
8 7
13 15
21 24
34 36
55 59
89 97
144 152
233 240
377 379
610 611
987 997
1597 1607
2584 2586
4181 4188
6765 6774
10946 10946
17711 17714
28657 28662
46368 46376
75025 75032
121393 121402
196418 196419
317811 317818
514229 514230
832040 832040
1346269 1346279
2178309 2178317
3524578 3524584
5702887 5702895
9227465 9227475
14930352 14930355
24157817 24157819
39088169 39088177
63245986 63245992
102334155 102334163
165580141 165580144
267914296 267914300
433494437 433494438
701408733 701408740
1134903170 1134903179
1836311903 1836311913
