100 12
78 104 170 181 72 41 8 66 122 63 79 150 27 35 42 9 44 1 47 140 137 100 91 195 87 30 15 77 163 36 95 129 56 190 192 17 186 89 94 24 38 139 162 153 86 58 172 43 31 81 196 187 159 131 110 133 126 156 185 120 74 13 60 97 88 184 90 167 113 34 164 128 130 177 82 193 49 147 29 75 116 199 12 4 188 145 65 25 70 121 108 141 2 168 71 157 143 5 111 173
115 128 20 77 173 111 103 35 195 188 54 65 199 16 163 10 148 69 75 171 81 29 139 41 113 160 26 190 150 119 175 67 76 6 117 25 84 38 179 114 14 34 138 167 166 57 7 143 194 193 4 170 141 30 27 64 19 66 123 191 43 112 39 45 51 168 33 36 70 5 120 161 181 137 55 42 61 183 126 129 49 135 149 106 59 28 192 79 89 131 53 196 40 144 140 134 95 105 197 164
98 41 57 117 195 1 91 95 161 90 16 65 169 18 147 131 135 186 48 58 50 198 25 179 92 151 184 29 164 93 200 61 5 42 165 38 159 174 45 191 148 108 47 56 188 32 126 94 156 121 134 30 23 120 192 145 162 157 13 46 104 116 113 82 77 199 52 196 96 140 63 11 70 107 114 12 17 100 71 182 54 84 153 119 166 149 88 83 189 129 193 132 103 105 2 144 76 124 180 68
54 122 110 182 33 165 169 112 5 129 27 106 193 180 77 119 176 97 190 183 125 35 49 42 172 161 102 63 98 117 166 55 29 186 118 76 137 87 68 171 18 194 96 133 101 162 23 83 37 184 82 114 17 36 56 113 141 185 156 73 121 20 86 198 173 79 6 57 163 66 147 99 132 195 53 116 61 103 109 64 131 197 15 4 21 7 127 100 62 196 179 91 146 123 47 168 44 174 3 10
72 146 58 18 71 5 186 113 130 127 122 177 194 181 6 110 169 119 190 165 22 145 40 88 163 107 32 90 138 55 86 4 109 184 189 199 38 80 155 172 93 30 108 28 148 62 185 187 87 70 150 81 49 140 61 85 82 69 101 79 161 178 137 19 7 50 14 174 95 153 132 160 133 198 131 143 106 104 1 193 162 76 170 12 46 96 156 15 44 57 99 166 68 175 118 141 29 24 26 21
15 97 197 47 123 62 155 53 29 68 40 28 177 1 128 7 55 160 77 120 82 64 143 188 73 80 93 105 140 182 153 89 186 144 122 117 56 48 109 133 194 126 9 189 106 45 130 72 190 6 3 96 158 139 67 49 12 66 111 83 195 78 57 104 46 90 173 102 5 132 118 91 4 60 131 26 85 137 71 191 172 38 116 176 34 51 81 124 166 23 25 185 161 32 164 79 187 113 69 156
102 43 80 127 194 198 35 137 63 58 4 165 68 49 44 95 125 17 156 84 89 103 9 150 121 41 140 179 48 86 149 21 90 65 109 181 64 22 99 14 92 161 24 73 19 187 67 33 3 23 172 88 27 69 110 13 193 189 60 163 5 78 167 51 146 55 177 133 29 185 190 126 34 12 40 148 98 66 7 111 136 138 71 196 8 93 106 1 42 50 59 186 108 77 20 143 87 154 116 166
188 10 111 117 80 65 181 169 153 103 30 93 158 190 107 9 197 98 22 48 95 165 92 154 133 64 14 163 13 97 8 101 187 110 179 56 173 3 33 52 144 83 121 28 167 35 40 106 156 54 42 157 38 185 63 96 74 55 61 7 59 67 102 86 139 75 51 69 170 41 136 31 174 171 115 21 192 140 36 180 164 44 196 58 146 5 135 4 12 29 47 15 116 53 27 119 77 71 149 200
51 160 90 183 55 30 26 133 72 156 37 186 167 178 78 93 170 92 176 158 3 188 150 81 35 108 189 125 8 96 155 163 29 113 123 177 74 48 27 174 192 24 182 112 65 137 68 103 84 114 42 159 16 22 173 144 105 6 49 147 97 17 146 61 94 198 33 67 82 126 18 91 165 127 153 116 100 145 53 157 10 34 11 129 191 102 166 151 47 5 9 180 66 21 62 122 131 135 56 86
116 105 138 196 80 55 27 117 60 37 174 157 53 154 161 121 103 104 150 167 43 76 46 195 192 59 7 5 63 48 77 58 38 106 135 182 73 147 50 64 134 153 19 99 49 115 97 164 93 191 119 84 193 13 70 45 114 17 118 51 122 100 185 23 126 120 124 111 112 42 102 146 179 41 34 156 177 31 57 180 198 107 14 79 171 184 108 75 4 152 36 200 151 128 1 98 144 95 113 12
5 173 62 171 7 96 159 109 35 69 59 134 47 174 40 121 58 167 125 101 105 112 68 136 127 158 26 161 11 42 104 165 49 54 80 102 65 12 146 27 189 168 157 9 1 122 21 24 116 196 18 45 141 51 191 77 148 22 39 131 19 184 135 70 190 145 179 66 37 186 16 15 79 13 28 166 8 2 181 30 144 14 180 130 150 153 137 197 29 169 61 119 170 139 81 163 53 114 188 95
71 175 168 131 95 192 132 160 197 1 106 3 186 122 174 92 23 33 143 139 138 78 19 29 140 129 60 32 182 130 126 188 110 43 68 102 41 194 191 98 147 88 84 158 4 163 156 65 63 86 38 58 195 66 179 13 46 16 171 97 184 28 73 87 82 189 8 150 49 91 134 54 190 142 9 20 127 128 24 48 31 146 2 135 162 200 42 173 7 77 187 18 183 100 161 34 21 64 136 155
