150 15
252 45 10 167 105 156 199 90 78 300 94 185 88 229 237 116 5 129 40 186 98 99 182 154 155 72 127 208 69 74 91 195 285 145 92 81 243 159 240 257 31 85 278 136 192 79 201 281 58 188 232 187 264 119 251 24 206 89 230 17 36 55 193 142 210 63 269 80 3 212 202 146 153 265 114 39 139 140 218 108 109 177 71 120 160 47 228 111 76 143 95 165 191 2 4 176 180 294 115 157 288 280 172 64 219 171 23 6 242 133 289 222 245 276 175 28 249 41 295 118 261 144 297 211 130 97 174 200 270 181 13 213 190 244 62 46 29 161 238 179 32 292 216 217 273 221 267 225 152 151
27 220 32 193 103 60 197 90 47 15 68 120 248 159 91 3 1 235 59 295 199 169 144 141 109 131 171 267 258 178 92 247 54 126 148 110 219 217 40 157 74 262 97 186 209 121 165 9 36 61 229 70 134 272 195 243 67 281 234 46 73 202 230 34 99 251 66 273 245 175 260 232 124 293 185 172 78 153 156 136 137 257 38 152 288 210 214 151 264 158 24 189 81 201 292 146 282 300 93 20 58 64 143 28 41 238 208 192 271 294 62 128 154 8 95 216 31 26 123 266 213 211 184 82 170 88 106 145 129 69 116 291 180 212 227 89 45 7 10 127 176 221 174 160 75 79 25 163 167 83
56 16 235 296 64 128 229 8 21 49 165 79 98 239 208 282 290 158 293 274 89 156 127 50 291 161 95 260 51 142 221 67 47 166 162 242 54 80 207 145 286 251 262 124 233 58 181 87 287 146 90 241 36 263 297 300 100 13 43 137 185 217 279 271 60 66 31 180 215 94 298 258 141 85 18 292 25 190 275 69 167 232 219 122 224 157 193 284 247 253 71 245 246 178 225 38 6 140 184 2 237 230 270 179 200 116 280 114 46 106 174 199 144 15 91 88 34 111 194 24 212 244 218 17 41 62 39 222 259 249 254 44 183 228 5 294 117 150 129 172 3 214 105 206 73 189 283 202 250 160
283 225 270 203 216 50 255 51 78 164 230 123 269 133 113 99 177 80 100 267 229 287 262 257 58 36 274 121 148 290 21 212 300 224 16 247 181 91 2 33 19 37 118 131 59 89 18 79 71 180 275 127 278 251 85 285 253 240 146 136 286 105 219 43 188 87 273 29 237 186 49 54 107 165 276 204 250 220 139 39 77 156 70 159 132 84 222 277 173 198 158 88 162 104 252 55 90 263 40 111 196 152 124 30 119 102 134 218 4 248 298 242 76 271 228 140 213 149 284 66 254 193 207 166 110 129 12 24 206 282 239 69 289 294 114 83 112 130 6 223 260 200 249 217 264 296 115 95 244 189
15 70 275 129 35 73 168 234 292 223 215 108 252 81 190 197 39 271 48 174 169 40 268 158 283 43 29 211 125 78 164 80 232 36 44 166 261 100 192 11 201 262 178 163 75 270 251 248 154 297 53 84 180 118 116 184 171 258 279 91 241 151 265 79 204 189 109 257 249 92 10 165 148 255 77 185 214 142 276 156 89 52 4 104 239 227 146 33 111 94 87 181 160 267 205 272 281 198 47 22 21 5 20 97 124 25 243 167 50 152 222 141 212 179 2 62 59 199 106 237 217 231 61 296 246 153 66 88 216 238 188 228 37 9 140 133 193 51 177 269 250 245 144 30 126 122 23 159 55 123
136 271 193 190 146 296 142 192 87 195 149 176 75 43 227 171 299 249 96 165 137 139 122 201 113 259 269 21 128 67 111 253 288 26 84 203 235 30 196 130 145 61 161 218 172 13 210 189 297 263 168 101 38 41 160 194 224 211 164 129 89 262 54 143 278 295 213 184 286 177 94 7 140 34 22 135 104 298 56 57 119 214 117 183 108 102 79 71 264 44 66 277 82 48 158 274 141 35 138 250 36 276 24 220 186 248 237 40 76 6 255 208 282 150 19 16 230 62 270 49 197 125 64 234 95 223 239 151 53 47 187 1 238 2 127 27 59 112 167 91 9 272 225 205 243 115 123 23 293 179
129 25 270 199 126 124 68 162 164 157 111 120 172 65 97 156 135 18 145 204 84 154 212 184 151 60 29 148 233 174 48 37 168 139 53 112 117 209 175 73 67 1 7 260 210 205 297 13 66 63 226 44 142 136 52 264 189 217 256 30 283 240 293 207 50 94 98 299 147 282 17 92 292 115 83 279 289 62 4 109 22 105 32 255 58 99 227 119 213 35 218 113 143 244 2 116 24 236 54 281 280 150 47 76 81 271 160 110 91 183 287 77 249 153 51 197 232 108 220 79 87 200 45 10 159 252 259 27 61 158 268 20 6 82 185 38 251 85 100 276 231 290 8 243 194 55 132 26 21 202
296 140 191 72 184 9 65 236 55 219 155 187 211 69 177 246 78 119 171 217 282 14 279 6 251 17 272 64 275 1 288 154 80 137 216 167 51 36 202 295 271 73 250 255 142 205 16 116 206 54 289 185 208 95 225 291 99 173 26 111 294 74 35 134 112 240 29 94 133 199 270 239 286 235 123 274 21 298 232 179 161 58 278 160 57 70 266 242 31 11 267 71 152 59 293 218 47 41 153 145 18 44 215 292 61 127 229 108 254 150 40 83 88 164 2 203 234 67 172 104 75 230 243 178 42 195 258 299 228 5 76 221 238 166 144 226 43 82 10 63 23 212 92 269 192 68 241 86 89 56
263 215 51 278 280 134 63 229 211 98 234 204 133 240 119 69 105 108 286 49 104 163 161 252 238 79 102 77 189 152 132 241 279 113 46 162 231 285 250 206 36 120 256 114 274 4 35 145 146 199 179 125 21 52 84 169 53 73 116 202 74 191 251 181 288 268 295 188 1 93 205 126 26 249 244 236 62 291 129 142 243 246 12 31 165 29 27 18 269 23 160 48 5 135 99 298 7 121 254 242 16 143 34 14 237 40 70 212 64 282 248 180 296 78 164 33 9 154 174 271 192 83 153 245 289 50 15 150 111 118 11 273 259 177 187 267 103 54 56 155 232 156 258 239 292 20 209 210 178 138
272 296 42 236 234 175 184 126 95 55 232 287 136 190 108 171 230 27 297 156 86 124 7 50 15 298 226 60 73 249 10 49 284 198 208 89 207 239 268 291 202 97 280 242 151 293 44 300 279 33 197 94 290 43 240 200 189 19 30 299 196 164 160 28 142 112 93 185 65 61 41 135 222 118 96 137 56 8 157 154 294 128 167 78 12 20 150 64 23 218 66 91 63 176 235 119 179 170 62 161 54 295 90 278 241 214 139 40 217 237 101 168 75 5 116 36 270 98 265 6 259 69 213 133 203 219 288 74 17 18 84 143 144 70 39 194 286 181 271 11 209 183 122 115 58 153 158 275 16 255
79 165 223 243 92 199 102 210 1 139 176 8 146 16 36 95 234 70 130 109 50 104 23 122 43 295 208 25 81 41 66 142 268 136 129 115 110 15 53 158 203 57 214 32 137 205 37 45 150 94 169 2 206 194 44 148 97 153 285 106 10 207 291 231 33 246 216 67 233 74 152 18 283 96 135 299 38 232 59 107 270 123 170 63 26 200 300 14 265 188 245 56 249 287 248 117 244 227 190 189 34 60 198 140 211 225 175 125 264 124 144 167 138 277 256 126 247 30 141 27 186 21 162 237 128 84 163 220 182 193 46 11 47 151 166 105 297 235 62 164 61 54 22 154 48 7 19 212 181 168
149 168 144 85 248 135 212 9 197 69 161 213 268 191 10 156 129 186 63 102 78 143 72 297 74 169 16 182 152 108 21 107 265 227 67 147 29 83 12 175 133 91 51 157 274 54 243 285 103 27 181 211 79 287 93 15 266 70 96 205 142 105 130 64 3 151 269 195 126 179 163 52 208 56 192 239 109 174 165 253 219 199 94 20 58 122 11 100 172 292 49 264 55 220 178 140 231 204 60 137 198 210 280 201 98 296 217 53 293 256 23 267 136 43 119 233 277 1 153 171 244 30 258 39 111 146 150 278 223 283 180 289 61 7 235 81 167 141 237 193 245 187 273 173 155 259 291 221 35 255
57 38 206 35 67 60 284 266 154 260 182 74 220 69 167 81 68 19 186 59 205 256 255 199 63 185 263 45 265 169 71 193 233 153 14 170 72 290 124 272 18 214 238 194 299 291 160 73 298 137 36 56 94 168 115 50 64 62 225 48 285 172 202 258 216 136 29 11 228 218 204 134 100 17 235 283 16 98 217 65 8 175 25 149 210 191 142 34 43 42 183 239 119 207 104 54 9 209 95 151 244 135 242 99 166 13 85 101 144 1 221 294 31 231 226 188 158 51 117 49 161 257 114 240 2 181 110 171 174 47 129 27 208 274 3 213 198 39 112 108 251 190 28 241 58 268 116 103 273 15
96 140 123 130 266 259 37 4 167 220 198 285 297 156 169 260 229 36 256 200 176 93 280 269 54 79 175 214 60 74 90 52 219 258 201 38 170 138 243 43 254 291 142 267 40 15 238 171 221 102 186 242 211 26 117 105 239 154 68 106 273 77 20 283 113 252 29 245 31 126 83 16 70 192 148 292 109 110 103 193 50 255 232 189 157 141 99 152 293 231 228 158 247 88 11 47 1 295 165 286 115 204 248 127 65 187 10 121 213 234 153 274 271 296 173 33 265 114 58 278 181 215 69 206 14 116 101 210 241 80 203 163 166 202 262 257 199 191 67 21 92 299 129 35 244 3 107 34 294 56
165 122 97 61 154 65 245 94 244 190 40 50 176 129 6 209 47 136 225 145 164 26 202 30 115 296 257 137 249 58 184 110 299 173 300 243 56 162 95 11 82 69 187 203 207 282 85 213 44 80 53 259 5 222 161 117 201 229 71 283 134 16 182 151 105 197 251 48 191 289 205 7 120 156 166 260 196 155 102 248 128 81 149 67 247 241 63 135 100 261 224 92 21 77 37 138 183 189 42 210 263 231 204 142 25 89 211 132 238 240 188 111 4 292 74 101 279 84 139 113 127 9 194 160 36 250 34 70 32 98 68 163 109 14 116 103 130 291 193 46 157 177 269 242 59 106 76 133 33 2
