81
2 -1 1
4 -1 1
3 -1 1
6 -1 1
5 -1 1
7 -1 1
9 -1 1
8 -1 1
10 -1 1
26 -1 1
25 -1 2
24 -1 1
23 -1 2
22 -1 2
21 -1 3
20 -1 3
19 -1 3
18 -1 4
17 -1 3
16 -1 2
15 -1 2
14 -1 1
13 -1 2
12 -1 2
11 -1 1
28 -1 1
27 -1 1
29 -1 1
30 1 1
31 1 2
32 1 3
33 1 2
34 1 1
35 1 2
36 1 1
37 1 2
38 1 2
39 1 2
40 1 3
41 1 2
42 1 2
43 1 2
44 1 1
45 1 1
46 1 1
50 -1 1
51 -1 1
52 -1 1
61 -1 1
60 -1 2
59 -1 2
58 -1 1
57 -1 1
62 -1 1
64 -1 1
65 -1 1
68 -1 1
70 -1 1
71 1 1
72 1 1
73 1 2
74 1 3
75 1 2
76 1 2
77 1 3
78 1 3
79 1 3
80 1 2
81 1 1
82 1 1
83 1 2
84 1 1
86 1 1
87 1 2
88 1 2
89 1 1
92 1 1
95 -1 1
97 -1 1
98 -1 1
99 1 1
