49
2 -1 1237
3 -1 860
3 1 3630
4 1 1957
6 -1 864
6 1 1063
7 1 5666
9 -1 1130
9 1 3720
10 1 5608
11 1 12621
12 1 14376
13 1 16555
14 1 16321
15 1 11056
16 1 14931
17 1 12769
18 1 18354
19 1 18691
20 1 27345
21 1 19611
22 1 17491
23 1 17589
24 1 26610
25 1 25413
26 1 23297
27 1 20555
28 1 21205
29 1 17272
30 1 8867
31 1 15294
32 1 13132
33 1 10894
34 1 17289
35 1 17859
36 1 14975
37 1 17635
38 1 25210
39 1 17335
40 1 18848
41 1 12849
42 1 12855
43 1 13243
44 1 14337
45 1 15545
46 1 17391
47 1 11387
48 1 7025
49 1 3553
