89
1 1 739
2 1 1316
3 1 1846
4 1 2642
5 1 3613
6 1 4356
7 1 4995
8 1 5850
9 1 6657
10 1 7424
11 1 8228
12 1 8973
13 1 9808
14 1 10712
15 1 11269
16 1 11829
17 1 12686
18 1 13548
19 1 14090
20 1 14721
21 1 15675
22 1 16470
23 1 17364
24 1 18325
25 1 19262
26 1 19787
27 1 20639
28 1 21490
29 1 21972
30 1 22828
31 1 23757
32 1 24335
33 1 24964
34 1 25760
35 1 26276
36 1 26990
37 1 27498
38 1 28405
39 1 29260
40 1 30172
41 1 30978
42 1 31795
43 1 32656
44 1 33551
45 1 34081
46 1 33337
47 1 32494
48 1 31670
49 1 30798
50 1 30195
51 1 29675
52 1 28966
53 1 28380
54 1 27428
55 1 26907
56 1 26129
57 1 25193
58 1 24243
59 1 23373
60 1 22592
61 1 21624
62 1 20690
63 1 19855
64 1 19073
65 1 18535
66 1 17969
67 1 17158
68 1 16625
69 1 15976
70 1 15349
71 1 14772
72 1 13801
73 1 12906
74 1 12186
75 1 11636
76 1 10743
77 1 9790
78 1 8798
79 1 8065
80 1 7195
81 1 6600
82 1 5724
83 1 5218
84 1 4246
85 1 3549
86 1 2723
87 1 2201
88 1 1604
89 1 837
