99
100 -1 5
99 -1 10
98 -1 15
97 -1 20
96 -1 28
95 -1 35
94 -1 44
93 -1 51
92 -1 60
91 -1 68
90 -1 73
89 -1 79
88 -1 86
87 -1 92
86 -1 99
85 -1 105
84 -1 113
83 -1 121
82 -1 129
81 -1 135
80 -1 144
79 -1 149
78 -1 156
77 -1 161
76 -1 167
75 -1 173
74 -1 182
73 -1 189
72 -1 196
71 -1 204
70 -1 211
69 -1 217
68 -1 225
67 -1 232
66 -1 241
65 -1 250
64 -1 257
63 -1 262
62 -1 270
61 -1 278
60 -1 286
59 -1 292
58 -1 301
57 -1 306
56 -1 313
55 -1 321
54 -1 329
53 -1 334
52 -1 341
51 -1 349
50 -1 343
49 -1 335
48 -1 330
47 -1 323
46 -1 317
45 -1 311
44 -1 304
43 -1 296
42 -1 287
41 -1 278
40 -1 272
39 -1 266
38 -1 260
37 -1 255
36 -1 246
35 -1 237
34 -1 228
33 -1 222
32 -1 215
31 -1 209
30 -1 202
29 -1 194
28 -1 188
27 -1 181
26 -1 176
25 -1 169
24 -1 160
23 -1 152
22 -1 144
21 -1 139
20 -1 133
19 -1 124
18 -1 119
17 -1 112
16 -1 105
15 -1 99
14 -1 90
13 -1 83
12 -1 78
11 -1 70
10 -1 65
9 -1 56
8 -1 47
7 -1 38
6 -1 33
5 -1 26
4 -1 20
3 -1 15
2 -1 7
