49
1 1 1969
2 1 3954
3 1 5920
4 1 7949
5 1 9948
6 1 11922
7 1 14000
8 1 16010
9 1 17980
10 1 20036
11 1 22019
12 1 24024
13 1 26025
14 1 27979
15 1 29962
16 1 32017
17 1 34033
18 1 36120
19 1 38142
20 1 40166
21 1 42177
22 1 44194
23 1 46141
24 1 48088
25 1 50109
50 -1 1961
49 -1 4004
48 -1 6044
47 -1 8027
46 -1 10044
45 -1 12053
44 -1 14058
43 -1 15996
42 -1 17899
41 -1 19838
40 -1 21845
39 -1 23851
38 -1 25917
37 -1 27943
36 -1 29975
35 -1 31893
34 -1 33930
33 -1 35913
32 -1 37869
31 -1 39913
30 -1 41970
29 -1 43944
28 -1 45951
27 -1 47869
