49
26 -1 134
25 -1 4093
24 -1 8230
23 -1 12259
22 -1 16042
21 -1 20089
20 -1 24050
19 -1 27951
18 -1 32054
17 -1 35995
16 -1 40050
15 -1 43929
14 -1 47967
13 -1 51873
12 -1 55827
11 -1 59807
10 -1 63887
9 -1 67875
8 -1 71903
7 -1 75966
6 -1 79979
5 -1 84004
4 -1 88013
3 -1 91974
2 -1 95988
26 1 3801
27 1 7862
28 1 11932
29 1 16051
30 1 20080
31 1 23960
32 1 27918
33 1 31912
34 1 35865
35 1 39895
36 1 43914
37 1 47923
38 1 52031
39 1 56032
40 1 60090
41 1 63976
42 1 67898
43 1 71905
44 1 75913
45 1 79972
46 1 83930
47 1 87933
48 1 91918
49 1 95994
