79
5 -1 7771
4 -1 107771
3 -1 66572
2 -1 50101
9 -1 25722
8 -1 125722
7 -1 97542
6 -1 58227
13 -1 24036
12 -1 124036
11 -1 120671
10 -1 76057
17 -1 19823
16 -1 119823
15 -1 95310
14 -1 74464
21 -1 16081
20 -1 116081
19 -1 112267
18 -1 70406
25 -1 15765
24 -1 115765
23 -1 105285
22 -1 66851
29 -1 25734
28 -1 125734
27 -1 101265
26 -1 66107
33 -1 27382
32 -1 127382
31 -1 93897
30 -1 75911
37 -1 31352
36 -1 131352
35 -1 89003
34 -1 77903
41 -1 33503
40 -1 133503
39 -1 119061
38 -1 81507
69 -1 22294
68 -1 122294
67 -1 116898
66 -1 111148
65 -1 61503
64 -1 161503
63 -1 152416
62 -1 145183
61 -1 94442
60 -1 194442
59 -1 161630
58 -1 155899
57 -1 105555
56 -1 205555
55 -1 165979
54 -1 139060
53 -1 88390
52 -1 188390
51 -1 163579
50 -1 127815
49 -1 77961
48 -1 177961
47 -1 133050
46 -1 119013
45 -1 68390
44 -1 168390
43 -1 122114
42 -1 83754
73 -1 47294
72 -1 147294
71 -1 106839
70 -1 72811
77 -1 33955
76 -1 133955
75 -1 119652
74 -1 97582
80 -1 100000
79 -1 95794
78 -1 84510
