10
2 190 14 105 -278 186
5 396 654 309 -979 321 -571 400 104 240 -270 338
8 382 -277 114 719 59 -744 99 -128 4 116 271 -666 129 255 186 600 166
11 204 -8 102 -389 83 -412 65 -913 40 -13 68 215 181 308 105 615 131 68 146 899 181 -500 67
14 318 -467 199 590 121 -745 69 922 178 -986 42 -16 103 821 226 532 100 513 185 -222 140 669 144 -900 206 -148 301 -145 21
17 257 606 126 679 62 -886 168 676 193 -941 218 594 243 -317 95 -946 139 84 56 787 200 -165 19 377 204 -398 97 574 104 561 116 591 34 648 132
20 182 100 144 678 142 521 144 111 56 572 166 10 151 -164 166 -116 80 -184 117 -29 115 626 109 -973 164 -621 170 155 75 -616 99 -826 57 89 110 -482 27 -342 35 -886 167
23 89 751 17 -862 27 623 79 -846 18 -648 11 400 26 -353 11 -972 70 693 87 -347 13 -90 18 -429 79 -930 15 -157 48 407 15 -328 43 307 41 762 70 690 43 -490 67 849 29 770 86 -641 5
26 133 17 58 -653 38 -978 111 -825 123 685 73 74 132 132 63 311 21 -908 100 -900 32 -145 49 -965 58 -808 115 -661 26 -829 12 860 83 315 124 -888 109 -206 80 772 7 -301 106 -266 32 355 68 336 7 150 8 906 14
29 394 600 106 315 318 -791 30 -282 67 822 207 -75 243 555 349 -515 266 872 28 -737 111 722 354 94 166 -854 256 -325 315 -56 34 111 289 -924 165 -684 5 -656 21 -320 13 -427 245 -929 320 233 248 716 64 330 225 -388 35 -870 80 -632 275 902 269
