50
4 71 94 8 50 45 5 14 59 33
4 37 82 21 30 24 -52 12 93 21
4 63 68 11 69 33 -55 43 -34 22
4 53 11 12 -4 8 -79 29 -74 55
8 35 15 12 -19 20 -79 14 23 30 -64 23 -7 10 99 26 -24 18
9 47 -70 8 -7 36 11 5 -71 13 -19 8 -71 40 69 47 53 8 88 22
10 30 -70 29 53 29 -98 12 -25 16 47 16 17 4 -39 23 66 4 -99 27 50 8
11 11 -86 10 15 4 -85 1 -80 1 31 3 24 1 -9 2 -27 10 26 8 23 6 -49 10
11 64 96 8 -76 62 11 44 63 16 14 39 -6 37 -35 44 34 13 43 11 -27 11 -37 42
11 72 26 14 -77 39 -76 8 97 28 87 61 -51 32 55 58 -2 71 31 54 -36 1 1 22
13 26 -14 23 62 7 -59 11 -8 2 42 11 -64 4 -77 21 81 12 -21 2 -30 3 -37 24 -31 21 59 12
14 14 41 1 95 10 25 12 22 10 -23 11 44 11 63 13 -39 5 -63 5 -100 12 49 4 10 4 11 5 84 11
13 24 -45 21 34 7 3 5 -94 2 -23 16 -14 18 -30 14 -85 8 42 19 -62 14 -82 17 75 4 22 6
15 53 -46 9 40 6 16 34 -81 20 24 52 27 15 -92 47 -100 3 6 28 11 14 -56 45 17 15 -69 45 -81 44 -44 4
15 23 -71 16 43 11 -44 15 61 4 57 10 -34 18 -30 7 5 13 -43 6 44 7 -18 3 -21 17 54 14 16 12 -32 7
16 17 92 5 -9 5 -22 14 88 4 44 9 -87 1 -48 15 -42 15 25 8 73 5 -39 11 27 7 53 4 -54 4 -11 6 -34 4
20 15 41 4 -10 10 -5 10 -29 1 55 4 73 3 22 1 46 13 14 2 36 7 94 1 42 1 -7 3 -1 12 -76 1 -92 11 -58 13 -19 12 -45 1 -12 9
19 35 -79 17 71 25 90 32 -65 5 43 11 40 8 19 23 -55 1 -93 33 -50 12 -37 1 49 34 -22 8 -52 20 -31 22 -59 14 45 22 54 25 -16 5
19 38 19 28 -75 18 -78 1 47 7 28 23 63 25 -3 22 69 2 9 22 1 23 80 16 -43 28 9 37 -57 32 4 29 22 25 -73 2 0 14 -12 5
21 31 -90 7 -12 5 -1 18 56 13 71 14 -17 26 35 23 95 23 -25 12 -75 1 -47 20 68 5 -92 2 -10 4 53 30 97 6 94 26 41 26 -27 14 -90 9 -88 13
23 73 79 14 -7 29 53 15 5 39 61 37 53 60 13 33 -70 9 -23 66 -26 62 -65 6 57 62 -29 57 9 68 23 9 -75 32 40 24 38 33 -49 16 -37 13 42 21 -1 60 -1 11
24 38 20 32 24 16 14 34 97 30 61 22 47 27 -64 29 69 7 -94 25 10 7 56 4 -54 37 45 30 -51 36 -43 2 -17 5 -54 9 -77 29 -74 31 84 26 -98 21 -86 27 95 15 37 4
25 31 -6 10 -20 14 -73 24 -22 10 60 27 51 18 47 12 31 18 -44 4 4 26 -32 4 92 5 80 11 73 30 -53 18 56 2 -80 25 24 16 69 20 -19 10 78 8 46 2 -26 19 87 15 -35 20
27 34 23 28 -15 31 -36 31 58 3 -95 13 -19 25 98 25 -57 15 -70 5 10 17 65 10 89 14 24 15 -51 18 -68 15 -97 16 -19 14 43 1 50 32 37 4 -53 10 -62 1 -5 11 6 6 -1 17 -35 27 31 2
25 15 49 7 -73 11 68 4 -27 14 31 9 20 11 -34 7 70 13 86 4 13 9 -17 12 -65 13 99 5 58 4 22 6 8 6 -20 2 -81 13 17 2 40 9 -31 2 17 7 85 14 -71 3 14 1
26 47 74 5 -87 28 64 23 -11 17 -63 11 -44 44 -51 17 42 9 -73 38 -59 2 -41 22 6 33 -6 15 99 14 23 7 -72 30 16 15 94 7 -37 25 -71 11 -84 33 49 26 -22 31 21 32 -13 44 -42 19
30 41 -32 27 88 23 88 32 44 7 -15 21 -11 38 82 35 -25 27 -68 31 -68 22 -14 24 -3 39 90 11 23 40 -94 18 61 13 -40 4 37 36 -13 30 -78 31 0 38 6 7 -39 32 -6 10 -48 25 99 13 92 1 26 29 -82 14 17 14
30 54 -27 39 -59 18 20 16 -24 29 92 53 14 33 6 47 -24 9 93 4 82 45 31 5 2 40 47 20 -59 4 92 38 77 3 49 46 34 17 -22 8 36 34 80 43 -6 34 65 38 -53 22 15 41 -1 51 11 30 96 10 38 23 -54 41
30 74 -12 48 -59 27 83 44 -47 59 18 33 -9 19 63 57 3 38 52 62 -78 15 97 34 75 69 43 57 -13 14 43 1 -27 55 -43 56 -12 53 -45 37 -26 49 46 69 -56 1 -23 3 88 36 66 10 -77 25 53 14 -5 23 -82 37 -68 47
30 12 35 3 -52 11 51 2 0 10 -10 1 53 3 29 8 67 6 -100 6 62 5 -43 1 -65 5 -65 11 -2 2 29 1 -46 5 -74 3 -76 6 52 7 90 9 11 3 -4 11 6 4 13 8 67 2 44 1 30 7 -68 6 -9 2 63 10
34 67 49 19 -4 16 84 34 -6 61 93 52 -29 3 -30 66 86 14 -1 7 -44 16 -68 54 10 49 -76 16 99 27 85 62 15 31 -97 10 21 30 -38 14 -32 6 -64 20 33 27 -68 39 -32 11 86 39 32 28 -11 64 -89 30 79 47 -98 19 8 63 43 35 4 13 -87 7
33 37 -31 30 -24 28 87 25 -75 30 -5 6 -73 28 26 36 -86 12 96 7 -63 3 4 19 -52 21 -95 3 14 2 29 9 -39 16 -48 7 -48 27 -78 23 -7 35 96 4 -58 29 77 36 15 20 -6 2 -83 3 -38 33 5 32 -36 36 23 12 77 30 -30 34 -15 22
36 74 -98 7 -83 2 77 25 -50 65 -66 26 48 23 -80 48 -16 63 58 27 -49 2 -8 34 91 5 -19 31 -72 71 -79 44 -5 46 63 66 -13 11 30 67 -92 6 -30 44 -63 23 -18 72 -26 12 -24 14 -25 72 -38 21 40 43 80 52 -47 15 67 62 22 47 57 10 -7 22 -74 19 -12 23
37 22 79 8 97 12 58 20 98 11 -16 17 77 2 96 13 92 10 25 3 83 13 65 10 31 12 42 12 -71 17 73 8 70 6 -67 5 60 12 -31 21 -93 11 45 3 -19 2 -97 13 -53 14 -86 15 -18 8 72 3 79 7 18 5 -76 3 48 9 39 9 -58 2 92 7 6 8 62 2 -84 4
36 20 -77 15 83 5 -7 10 88 13 73 1 -20 19 -3 6 2 10 77 11 18 14 40 3 -52 11 -26 17 -71 15 1 19 -18 2 -42 15 -18 16 -37 5 3 3 -74 12 41 11 63 12 71 14 -45 14 59 13 95 14 80 9 77 8 -18 3 30 11 -1 15 -36 5 -54 17 -61 3 53 3
39 26 99 19 76 4 -64 24 -89 19 -83 12 -27 8 85 24 -49 12 59 24 -64 4 -43 15 -61 4 25 13 84 21 18 2 70 22 7 12 49 8 88 12 77 25 -2 6 -41 13 -2 11 23 8 -62 14 -36 25 -59 16 -59 11 -16 5 44 12 -67 13 -95 10 39 11 65 13 -36 13 -40 16 -63 9 90 5 -48 8
37 70 -24 44 77 5 33 49 86 10 67 2 7 65 58 68 -48 16 80 12 55 12 71 6 29 44 -79 39 81 17 14 66 27 20 -87 26 -49 23 -72 13 91 49 6 15 87 54 -50 33 -31 68 -18 37 -7 47 -74 25 -40 49 75 1 -64 9 37 61 15 28 81 32 -42 19 -29 62 16 29 76 3
38 65 -60 64 -82 32 13 54 99 54 -28 52 -100 19 -44 35 -61 6 48 28 -14 49 -12 59 -10 16 -15 42 81 13 43 43 -22 15 -15 22 91 54 49 35 -97 20 93 14 -42 5 -58 30 -66 23 -69 18 55 60 54 10 -76 34 3 16 9 53 -50 13 45 33 64 61 -43 7 85 57 58 39 -34 4 57 28
41 52 -19 28 -69 20 -45 11 -30 41 -30 50 71 3 -35 10 16 7 -2 40 -99 11 8 48 87 7 -47 7 -86 23 -38 44 32 39 5 38 67 9 66 46 -34 15 78 49 -16 39 -48 30 7 22 -79 10 29 44 32 5 89 3 31 18 29 23 -91 32 -24 43 17 46 -9 32 8 5 -4 31 -45 8 83 45 16 18 -75 28 66 41
43 32 -72 31 57 8 -96 29 20 31 70 7 97 19 -67 18 92 30 72 8 -22 12 -43 20 19 5 54 5 63 26 -10 22 68 16 -43 25 -15 30 -16 20 -85 4 32 3 -55 28 -83 13 45 26 -42 25 -94 3 -64 28 45 22 73 12 -7 30 -48 13 -5 26 -70 14 6 31 99 3 -12 11 88 28 43 2 -43 16 -73 21 8 3 73 20 -40 25
43 49 67 44 55 29 -13 47 -28 34 37 29 -99 34 -18 3 54 36 1 48 -22 30 33 39 -99 39 -8 13 59 5 -6 13 -76 32 -15 43 85 24 13 22 52 1 0 22 56 44 83 36 -30 2 88 25 -84 9 -34 31 -76 25 -14 20 28 8 -8 28 10 33 70 6 -9 4 -15 23 -41 7 -73 19 -28 41 72 42 -34 39 -39 14 -37 24 86 19
45 46 -84 15 40 39 72 11 -47 26 87 13 73 37 -12 45 -97 31 -97 22 21 7 56 40 -19 2 8 22 84 28 -89 4 42 27 72 36 -21 16 -27 19 62 33 72 17 -57 32 48 1 26 36 -100 28 14 37 -73 39 -20 30 -88 44 -13 1 92 39 42 6 -38 7 -55 6 19 20 -68 4 -27 6 -76 38 10 34 28 40 49 34 -35 6 1 29 14 11 -26 26
46 20 -63 4 26 3 24 14 53 11 -97 19 -65 15 65 1 -26 19 47 4 -64 14 76 3 -59 19 -94 19 24 16 13 3 -85 19 35 9 31 12 68 19 -91 12 83 11 -44 4 -7 7 55 1 18 6 2 7 94 4 41 8 -65 19 -59 5 -70 2 -52 16 52 4 76 5 98 8 -77 6 -3 4 46 6 -48 2 12 4 31 8 47 13 -82 5 6 13 35 12 65 8
46 10 -69 4 18 7 -19 5 0 6 29 9 31 6 2 3 99 8 34 4 98 6 -78 7 70 5 33 7 -94 9 -47 6 -59 6 -13 8 39 9 -25 7 -89 1 61 4 -73 6 91 8 -18 2 99 3 -24 7 -25 8 83 8 -4 2 -80 9 -23 9 91 5 -54 4 -95 8 37 2 6 2 -48 3 -32 9 37 7 20 2 4 5 -29 2 -32 8 -92 6 57 9 -53 7
46 20 -70 1 67 18 -44 2 -81 12 -94 15 79 8 -51 19 98 17 -15 1 -23 15 1 19 -6 13 -99 19 -79 13 5 11 -36 8 -23 5 -38 3 -25 1 -25 13 -9 7 -18 15 -34 1 92 17 77 14 -84 2 -58 12 37 10 -13 13 -44 5 -21 3 47 19 49 9 8 8 42 5 58 18 59 3 75 8 -51 14 93 6 -50 10 -30 17 5 15 -28 6 34 8 95 1
49 78 68 63 -33 2 2 44 -94 16 51 71 18 21 80 51 29 65 -62 23 79 7 -82 17 -5 54 52 42 30 46 -59 25 -16 12 14 35 -65 15 77 25 42 28 95 2 72 19 -53 63 -94 55 39 24 -13 47 5 23 -53 26 25 21 -30 69 -30 12 -97 75 10 5 -11 42 -36 32 23 34 -23 6 16 4 71 71 -39 67 -17 11 56 67 73 21 25 11 -66 6 -28 49 66 57 50 41 60 6
47 52 -21 51 -28 9 -58 38 -40 15 88 49 62 23 -81 32 -56 32 32 36 74 20 8 32 46 12 33 37 77 17 71 47 51 31 -10 6 -75 42 34 43 50 14 75 2 27 11 67 30 0 3 -84 47 -71 43 -13 50 -66 45 75 43 -37 43 -24 42 67 29 73 38 -97 16 -7 29 19 20 58 3 46 40 -26 35 69 18 59 24 -61 27 -14 37 -74 46 -75 14 0 49 51 50
48 23 9 7 45 3 -98 1 -64 8 -85 17 51 20 77 14 89 17 -56 8 -94 18 -54 11 43 1 74 10 -39 18 -93 7 8 13 -55 7 -12 6 94 20 19 13 1 9 -59 11 -29 7 89 19 16 4 21 11 -81 15 17 2 54 8 25 3 61 21 -19 21 -92 8 -57 4 -68 15 89 9 23 18 -32 1 -66 16 -71 21 -27 21 -26 22 92 10 60 6 -27 9 44 12 -84 15 -75 13
52 73 -77 16 69 45 -10 57 20 20 65 46 -88 37 -20 20 77 35 17 55 54 16 -32 70 59 51 79 57 -98 4 34 63 32 51 11 52 -67 23 70 47 97 66 43 25 -51 41 64 25 34 50 -62 53 81 54 25 36 92 14 62 22 -51 9 -87 12 -31 59 83 44 71 34 36 53 -13 34 -78 41 82 56 -32 72 50 4 46 25 80 15 -93 20 5 36 -85 66 21 35 94 6 29 64 -16 21 57 35 -90 72 -25 8
52 28 91 22 63 25 -96 11 -79 25 64 25 57 26 24 24 -3 13 -77 3 93 15 58 2 -19 19 12 26 -89 9 -64 1 98 25 92 5 -77 21 -64 16 62 3 -100 16 73 12 75 3 -51 3 -85 16 50 11 -22 26 38 4 -81 11 -22 21 -71 12 17 20 64 11 -66 2 -18 25 -39 16 10 18 37 18 -31 20 25 21 -87 13 49 2 83 22 72 24 4 1 44 4 32 25 -9 27 -60 8 -11 20 87 6 79 4
