20
51 86 -292 70 -461 36 -915 9 -104 17 -277 2 114 84 155 9 285 57 -14 44 685 37 -639 15 -850 12 -178 68 -135 77 656 78 479 35 -714 23 117 7 -203 15 -4 47 -499 17 444 20 534 22 -819 32 508 25 434 66 660 32 -750 8 -54 81 -268 24 -695 66 230 35 -122 64 -102 48 217 51 366 45 -824 43 375 47 -638 18 -855 26 725 57 116 19 -915 32 -785 22 -758 13 378 34 844 78 -781 62 -34 23 551 36 348 45
52 426 117 1 -869 279 254 374 -95 112 314 414 -610 46 -700 305 -418 260 -527 361 718 12 861 170 -956 193 244 365 -81 102 428 312 -920 222 816 176 -824 345 247 133 548 347 -765 240 -268 291 998 349 817 59 109 129 -468 223 -351 97 -485 422 -61 399 174 14 388 88 -608 373 535 123 393 318 942 42 400 171 400 194 -802 212 717 425 -546 104 -584 2 624 125 -285 238 -500 398 121 164 212 107 244 266 99 394 159 77 -63 127 -491 49 -456 154
53 336 -449 292 17 253 103 51 -852 240 225 136 583 253 754 187 978 96 295 78 832 182 -653 297 -544 275 803 146 -504 58 -209 58 -227 199 -177 281 546 120 -169 302 -38 317 449 194 523 74 630 305 529 296 296 22 748 159 495 137 264 146 30 30 -57 206 817 125 429 166 -251 250 231 169 196 63 696 167 -452 180 -718 118 -981 330 -50 176 -118 226 904 296 -350 11 425 152 -881 78 546 132 208 44 -61 99 -969 86 741 274 35 120 -118 6 -648 320
54 287 -365 221 537 269 589 219 336 125 355 4 -34 207 899 197 33 111 349 126 -412 108 -827 58 293 166 -121 230 52 20 -699 204 -105 113 -228 263 -86 1 -11 203 308 181 919 233 -458 176 -631 215 -836 202 -235 103 -523 145 73 98 688 55 807 20 -596 187 -469 73 114 16 125 204 -818 41 -196 179 567 72 -885 279 464 43 -328 56 487 196 -601 141 -549 35 125 222 -341 217 232 37 394 92 -804 188 78 177 -520 212 -265 130 375 176 653 246 -205 210 -526 233
55 430 -674 412 425 115 -858 182 -627 421 426 201 -325 194 -212 139 774 76 -28 1 -912 20 -743 246 -716 96 907 393 -288 100 159 92 -419 148 -168 80 -419 416 47 398 -432 233 -546 192 -173 365 446 126 438 83 -229 216 871 267 -79 217 -432 311 278 340 442 238 -924 169 -99 427 -224 185 -59 77 -468 138 -62 58 -187 70 -292 311 506 415 737 19 -534 73 -323 119 -984 199 389 80 -178 302 -80 329 299 115 -734 320 -325 387 246 394 113 230 -169 122 -413 349 -229 217 226 187
56 237 -632 130 18 162 213 134 396 83 823 144 -561 121 -501 191 -431 125 783 64 696 227 738 120 -459 235 120 109 -163 107 -710 69 -599 33 -758 116 -589 76 692 134 -271 25 79 142 -978 169 -525 101 -781 46 53 210 -251 208 190 162 -696 189 666 61 -430 112 667 41 -246 127 110 27 -402 48 -555 212 372 156 -669 64 329 152 -377 135 869 76 -928 178 655 25 559 205 -180 233 777 139 -829 42 683 34 -740 78 -216 109 711 3 590 228 922 235 -137 116 -702 98 507 12 -455 83
57 195 391 95 505 67 555 23 -237 25 -240 48 921 126 635 167 998 154 -217 87 -966 129 190 38 -902 89 -957 106 -562 173 -401 110 -980 106 951 119 190 90 -634 132 609 138 -52 79 141 49 419 168 844 117 -759 18 601 120 15 100 -217 38 -803 87 -597 33 815 66 -409 132 -544 89 355 86 -910 134 106 114 295 136 510 83 -400 85 473 34 -721 26 -958 34 -166 123 200 164 191 74 -898 49 -418 100 -813 151 232 64 317 77 -558 87 -31 139 454 176 -495 51 -858 184 210 60 -291 74
58 57 -264 37 758 51 497 23 810 14 -980 18 269 46 -283 51 348 39 714 12 928 44 861 28 -668 18 -744 19 -584 52 602 40 -673 51 687 34 -589 2 927 15 89 52 829 36 126 42 511 2 -304 13 157 17 121 28 -62 44 -554 19 480 56 231 40 -16 10 335 19 406 44 794 33 -813 20 -850 53 85 18 -870 44 425 51 348 19 65 31 -577 39 -384 11 769 33 945 3 514 36 824 16 648 12 592 18 800 5 -780 18 495 21 -743 31 -682 31 -24 35 -236 37 122 32 -683 9
59 100 348 23 -633 31 606 1 779 80 -603 43 -77 96 252 6 -783 63 780 65 -649 4 -482 55 -825 58 907 64 -554 61 146 9 44 81 420 16 667 58 880 93 778 84 438 18 13 67 938 2 -974 30 -808 22 -150 91 -98 87 -894 62 -710 18 509 26 688 24 176 78 -200 19 -887 86 -397 46 -947 91 -72 7 653 73 31 63 980 94 776 93 -913 70 361 83 -358 36 771 68 -669 55 256 13 -451 19 203 44 836 98 -773 78 119 32 429 28 695 86 -451 8 234 85 -318 48 268 92 -701 48
60 362 -687 354 -231 237 528 79 -144 162 930 89 -522 261 -547 50 -673 287 739 11 358 277 540 297 973 151 -513 183 447 86 800 97 -735 225 -237 202 -792 354 846 90 996 49 -851 55 185 95 47 146 110 151 -802 32 62 252 -724 197 604 47 792 137 -28 173 752 315 941 68 849 283 -502 61 218 33 -112 4 190 227 -47 347 -953 123 806 270 376 15 -148 45 427 212 -170 182 -902 90 -64 7 -983 278 451 166 -609 300 -940 133 -282 154 -920 227 88 151 -734 307 -807 238 108 167 852 111 -124 93 718 184 -403 289
61 62 -847 17 807 18 168 41 940 55 816 43 386 2 61 45 -898 37 -605 20 299 18 34 53 -677 7 511 38 -738 14 -512 26 -867 36 -253 5 868 15 -741 50 -6 51 713 39 -978 16 611 25 687 46 -605 41 -440 46 -161 33 -265 44 -144 22 -279 55 -959 58 436 29 -394 4 335 53 -458 38 -974 25 551 47 -602 5 -827 40 -152 34 -114 59 -897 25 493 60 551 7 -816 21 90 19 489 22 -261 27 -354 7 286 37 -339 61 615 61 991 52 -707 40 -505 25 715 20 24 4 -173 33 240 46 831 37 -523 57
62 374 821 230 43 141 -564 126 830 307 840 297 970 248 -547 314 297 311 -354 142 564 91 823 39 358 334 -42 155 908 176 84 11 585 72 -990 217 326 67 -754 261 -826 142 405 10 24 95 946 352 38 6 -267 25 218 284 -785 102 -768 102 -199 284 -314 49 628 319 -961 133 939 246 920 193 20 161 -254 201 790 114 350 28 -763 154 662 51 -728 329 -696 287 140 8 494 184 433 55 -296 171 -590 110 -468 74 -126 139 -189 87 -574 193 68 91 111 170 446 231 824 277 -305 83 381 187 370 116 242 196 933 318 339 295 904 328
63 385 703 314 233 134 -645 246 -588 4 411 202 452 205 -796 72 11 200 233 348 -285 79 293 134 -474 304 -988 290 -744 205 959 227 117 227 -525 222 -765 231 -323 322 -637 140 916 38 90 354 642 123 -570 24 -544 32 -176 354 302 21 493 245 588 327 943 303 -953 265 -338 212 579 292 -481 116 530 261 -481 360 -786 149 31 379 361 166 -661 293 654 264 -680 113 3 188 -694 1 -562 192 -401 296 -847 265 156 53 -781 143 -30 335 220 2 -708 380 125 26 -633 60 778 140 814 82 -619 24 753 34 809 191 -638 181 863 146 -531 218 -608 294
64 363 -673 96 -885 201 85 313 868 180 -734 266 65 179 592 306 -520 310 410 212 -534 170 -305 146 58 46 -33 56 -776 280 658 349 172 141 632 248 -450 242 363 50 -815 205 -816 45 -128 100 -243 359 -432 88 -956 167 630 39 925 320 -798 20 -30 217 744 232 36 166 -81 277 -20 166 -237 11 -293 25 -923 264 482 79 82 235 -338 65 -496 229 747 276 869 85 -999 293 -366 166 636 263 893 328 125 304 988 235 -498 151 493 54 747 29 -109 57 -132 112 -54 126 -489 50 -53 275 -78 95 44 168 310 76 -353 67 -481 303 -214 300 -128 162 214 109
65 157 -674 74 422 131 -769 72 -96 130 894 142 203 101 -118 31 -395 7 523 95 -387 4 -73 1 631 156 848 37 560 97 -857 7 -999 39 625 32 978 97 -636 30 -44 59 943 136 858 18 788 28 -163 35 274 53 -741 151 355 50 532 142 62 92 912 92 618 32 384 33 -479 68 751 1 -548 7 -443 27 448 37 937 55 -827 149 511 63 -769 20 485 143 -517 87 838 6 424 8 -230 125 559 30 -710 58 944 133 611 5 -774 110 -57 71 263 129 490 8 -670 6 -273 101 -506 66 896 88 244 81 84 47 -752 52 704 79 -967 109 461 57 547 129
66 223 631 86 -546 34 -327 101 886 107 -327 43 -168 192 922 173 -386 103 849 222 -94 25 72 72 269 153 -785 209 733 44 -995 79 -939 220 -331 99 -114 191 -716 177 571 107 -778 193 875 213 -696 168 440 186 -968 86 -804 136 456 94 -717 179 866 162 -85 207 -875 208 -760 132 -370 74 868 170 -974 76 -797 40 935 46 613 178 323 202 -27 170 300 12 942 211 -594 12 -338 119 -933 25 210 184 604 103 112 103 870 152 452 173 -392 188 386 12 609 67 650 205 622 99 -470 217 193 155 -483 133 45 147 -15 181 782 140 -649 157 -411 64 -669 191 -927 36 435 20
67 443 -84 313 -660 21 793 164 920 183 792 342 49 394 178 129 707 7 21 99 -350 415 696 327 -137 356 90 214 -261 2 -410 116 -882 161 244 203 -107 392 -545 228 -162 77 382 437 849 387 -254 95 853 35 875 262 555 94 999 134 -245 422 312 158 -662 5 -959 401 -731 148 -275 118 508 94 364 415 -851 28 682 131 844 433 -371 252 989 107 844 274 -594 283 247 401 -253 341 -729 56 895 353 -142 129 363 40 426 280 311 403 836 290 -85 86 -16 185 -664 104 954 40 -993 114 -37 361 -563 236 -996 232 -285 346 169 51 -562 148 -866 144 -105 305 -511 402 -791 29 -917 251
68 187 -261 17 580 42 645 173 267 12 -124 73 -781 15 -274 50 432 155 -251 78 862 84 673 25 973 164 345 105 -487 134 -847 149 -73 7 798 133 348 152 -764 48 -152 42 -864 154 -417 153 993 72 -488 56 609 185 -129 158 178 32 805 47 532 64 55 117 -29 1 700 39 -403 46 -345 100 -256 97 93 25 706 28 0 185 843 78 -182 72 796 43 966 71 595 183 -296 125 262 73 -324 174 -899 67 -773 183 -404 18 -549 157 798 9 -802 154 637 100 186 43 622 37 217 122 138 11 310 125 -266 180 -440 11 -172 27 476 148 -542 176 -54 38 -320 26 -22 125 16 73 -273 44
69 274 -875 80 29 195 84 170 -657 194 -212 96 302 51 241 42 -781 215 995 57 -855 258 692 38 217 33 -220 92 928 151 235 106 -224 163 946 12 656 257 -434 67 17 240 -934 78 478 50 303 266 814 122 -93 232 474 54 588 217 -939 131 415 160 93 116 -70 90 -499 156 -566 203 332 264 425 162 982 202 871 148 -92 209 580 117 -646 52 712 29 -722 254 -577 209 -528 163 -908 226 714 189 729 143 149 42 -432 194 181 86 42 266 -238 244 -759 250 -187 154 579 14 235 167 -490 214 361 164 82 26 876 89 968 27 875 242 669 58 -884 83 -390 181 143 83 772 204 331 217 163 207
70 297 976 218 -338 126 -607 241 88 16 -353 281 662 279 -635 38 898 5 483 90 -202 30 -102 164 318 23 67 84 -120 220 -1 241 504 13 841 42 824 260 152 221 -867 285 33 207 -507 282 -279 169 -932 194 -521 251 397 230 376 119 -555 168 844 93 -12 40 -658 207 477 28 98 256 -915 107 -122 37 -536 262 -309 208 158 259 -99 37 493 96 621 124 -896 216 -608 170 837 5 -608 251 -339 115 -400 160 380 5 -275 256 928 190 304 287 -386 45 640 104 -424 30 -187 64 -646 145 583 17 -636 202 597 167 -654 260 593 195 967 162 456 217 857 268 -896 80 293 130 794 13 -397 200 902 268 -956 126
