100 0 0
476232 6099056
1252195 8195024
5179797 3726665
2529858 9172796
7961959 2561085
9263926 3845617
2456202 6000415
9192480 3336489
8385706 3436795
7633011 3341236
9600683 7771955
4180801 4369825
7882543 5920460
7642730 151115
1369927 8322244
2964558 6707262
7788173 1490791
8991412 7392994
5321429 413931
8568890 6052054
3473046 1616509
7091766 49737
3913880 9460643
3515415 2384655
6699786 7028201
9970257 1358714
710257 3086432
5400992 2792219
2362365 222315
2561008 2817585
3011758 8441447
729903 4583383
670590 8216624
2721940 4369326
4237122 7149588
179753 7677875
110994 2742519
6396540 3760912
9410680 8086228
8608224 4098416
4845345 8038040
9002862 1814263
6233776 6318808
4797363 1542758
2600525 2196497
6352079 3404672
2388101 2490411
9183978 7476586
5558651 6629134
1182081 2311080
6955727 686161
2639207 9963413
7273848 9616226
737340 1784216
139513 4394573
5737251 1535489
3222188 4149579
6734466 1672743
828881 9560738
5892729 2810128
1233882 7310373
1523550 7254201
5979735 925498
9248067 3268740
761882 8279829
3288654 4536675
9263699 2854534
5256788 7641273
6708636 4746187
8726430 1728770
8990622 8683541
4535498 7676634
4362813 2949997
3800137 6819590
6919651 3240441
4746861 730059
6890407 4900751
1886958 6767077
247994 1652869
5027767 8561296
5779668 7401376
3919775 4662213
8802825 3808880
6791371 2012836
7656948 1433158
6970220 7418201
8260610 7911150
7608637 9825366
7970563 7182155
6128062 8027917
8079463 8449669
5314462 2747934
3182400 9529169
9502662 3239530
9753972 3615219
1485409 7313285
8312047 1178908
7705447 9619362
6988250 4685659
7000551 7174156
