400 0 0
9166353 5567161
3889550 3577427
2744337 5321118
3465268 9865823
6563434 9312297
9099668 3394597
4657842 3708515
6435966 6585673
3948635 9533020
3181967 2035911
8457860 946638
6867997 5751590
6867579 2533252
6543418 186944
3528917 7860179
3419725 5842985
4352654 9589834
549980 2971814
1670602 4209621
4301988 1788729
1663379 8439336
4982193 9201053
5604213 6141772
1875427 7506806
1550078 3331175
90794 9792234
6582087 9030475
5885487 3265064
4899310 3312858
1046876 4807015
3427789 3073513
9950864 8327250
1824596 5766686
9114275 5667406
6321689 1521528
4485641 7873863
8533572 2383313
6967584 1545705
8695250 1736984
9362302 2025311
3632735 7736012
5237416 6666696
9708712 7416014
1312265 3945199
9923585 6410557
3585192 8317322
7960665 6253245
4312531 3464474
4198986 3249129
2392998 3728214
4314337 1089446
6021500 2442580
8066196 2682669
499698 7673084
8024258 4154131
9703954 8169611
7403050 7354625
322735 1626111
5708271 3399989
9024663 1513884
6696405 3280045
4175737 9624143
7133711 7123313
2592029 7232234
7216993 8637496
4625237 5599613
5272894 8074336
6197618 4885692
4752424 5957288
7325564 1881762
631865 1083654
3324398 141165
3450163 2948021
6929090 8807868
1467728 8865699
8685968 7890054
7214881 5494460
5389814 942837
2183654 9107459
5310970 577680
9059640 7463283
7261374 6274656
1927037 2210447
3001385 7412781
1827984 5869256
8436357 934819
4215070 3126150
4870323 2714195
784057 6682887
3181929 3487033
6273357 2609970
9104395 4552292
9710456 6101665
9297546 9634089
3696979 2915953
5097699 8055549
7358606 4460451
2753675 311964
2029801 464319
6668913 1278102
364044 5122676
1266194 3571866
1906596 3336138
199919 5361964
2069015 8672424
919311 3395018
8513915 4584193
2223872 4878009
4087443 3518597
1170570 6641705
9299441 3296394
9242538 8692718
8902347 7625789
1354694 2705171
6095921 4107837
2367221 6483033
7303404 2502547
6148738 9122631
9124566 2429884
754524 1109620
4052394 9806237
8369214 389802
704151 7049403
747636 2459177
8806880 2964680
4942551 6531995
5915897 3948560
2135826 4079333
7037517 1068335
5923483 2603927
5960487 5205351
9009241 9955086
7442000 9952711
7031611 222106
7492478 4657285
313075 5113607
8188707 5869299
3334645 7477729
7828615 7645438
4394642 394624
4215685 434295
5427501 4134692
1600441 5603331
2588792 8686500
1765712 1647876
9739620 4886475
9157911 7514866
9201627 7203494
4355728 4692846
1448622 4627264
829510 9337821
9129379 7967628
6459022 7949968
1886586 6186848
4005775 9374154
9788781 6558896
7321138 4208316
2295916 2785446
1936859 2265664
1037216 7410529
7535527 4402488
2325043 4583780
4121207 6803283
5325390 2451346
5272572 1374546
4749817 1135325
8211124 3060565
452190 8735180
7385673 4137070
7564725 9291839
2472462 2496700
8980914 9847677
3010663 8904711
808724 9169886
6009392 621644
1627929 5343753
3729913 1765156
8273710 9155230
1201583 5575712
6749335 2244296
4890048 9276443
3589323 4603600
9099980 7548263
4428111 2708649
7242278 7506044
6086024 3890484
3888616 3344864
1603725 2399776
6716931 7068196
4309047 9769228
6943808 7609585
4188102 4771900
2848863 1569448
4089053 3615886
4508347 7218841
3176311 7535821
3137961 9538398
3671019 5070886
5547180 8185465
4387288 8894968
1459074 5394146
561081 9831709
7962342 5046468
5659372 2795676
3528273 3298968
3471766 3907462
2018798 1155198
1077363 4398034
1387400 8844256
8029258 3515313
9569123 4558370
9122278 9249058
1886474 7434761
6752018 5980425
6463805 8210727
511935 2227828
1223571 4964727
2218317 8495183
3395288 5164841
1939962 5232640
8744406 5920484
7310919 8400095
7347677 9070827
3922721 5793052
8408880 6397594
7960354 767952
1810380 7830511
4528183 2315189
5599488 4686681
1903951 6504436
8962778 3572875
5887666 5506473
276500 60558
1635969 6922487
1148331 5252341
7080833 9676385
4877464 1186308
944886 8804449
2130391 1118734
5236301 2072747
6813606 9189466
2217111 7335079
858277 7067543
6504655 3188400
933338 6813493
6032079 2970192
1771031 3451328
9937631 6061030
6903096 4346230
5481897 2299836
6027576 7317949
246650 7989315
98356 5026027
5119410 2271537
7475855 9238467
9915895 3801438
2302760 7493786
8471758 1758299
5659817 3897434
7209501 5837394
280798 523153
8652202 4387677
5711990 1440485
4239477 2144428
6119672 5739607
3761200 1792374
1590663 2208918
8450318 1035325
3128429 7330220
2488409 6999489
4794579 938263
1628321 7122154
5037642 3849375
5610503 3544629
5424310 7757531
2858024 1213466
4260401 6141747
5925395 7078789
6258368 2398174
5725117 4050860
7055526 7132350
2571657 2730021
3373396 4906495
5504694 1761154
9576434 3774494
5652622 3288546
8761633 850544
9075606 9113384
8994222 8800005
3617876 403122
1385160 1522296
8866150 5195154
8151067 82055
8950546 3408124
3155277 9958168
2263304 4960816
530142 8399496
7366965 8144892
5436674 1735691
9607133 9254308
4720820 182584
1956049 1197612
9849900 5451452
7143958 5372394
4013006 423516
6468880 3333072
4381951 1545126
6126367 9431
7272050 2351182
1314707 9615304
2113644 9706754
5625033 6512680
1825721 4698108
1727793 2660268
5233744 4489127
4556821 8777547
7737337 4428516
40214 9802379
1433658 5944457
7935579 4825098
5544218 2649993
3028950 4563763
3262855 7114217
3416480 4129482
6308196 4097249
901269 7748878
3573948 3023374
6831740 4100881
3655005 6054977
6640663 3731144
1797758 6464934
9604947 2779933
2371942 877820
3156241 3054996
6462472 4308022
6683269 6762499
7088285 7369002
961733 3345796
9107351 4322500
941175 5649023
7580507 195149
955931 6701787
3540261 6585328
8886321 6900621
4324431 3243396
5284621 3236324
2249650 5418718
2937662 7884438
9059029 2367829
4234731 7245324
8705389 7507343
7547855 5103688
331643 5325895
8644675 4593970
269247 9351640
6394 4133197
3262025 1871363
5410500 7348385
1484609 2536525
1886964 7619147
6092590 4948990
8325736 4422087
1626321 8429592
3791872 2852116
3484961 4727017
7713468 5063731
3565456 4870132
4298424 4885409
7977856 807169
92420 5381728
3240036 6170093
3826527 5946031
6539027 4367837
3464487 6783025
321641 4320320
5523794 6973603
8723998 1224612
4719407 9197418
1029134 3680259
8203829 2522841
6596929 8833414
3122925 1265467
3464546 3626480
875373 5978180
4274035 5114899
7888029 4287166
4332533 3645226
4464415 8054444
6717528 4644928
8424533 6660208
3453616 3176396
3958323 7895432
3238176 8234303
3020486 780791
9092733 4151174
3390539 2732601
1057106 5212077
5429588 4936590
2798497 7612773
6836275 9028986
