26 1000 1083743418
1073741824 1072884882
1075455708 1074598765
1072027940 1072884882
1073741824 1071170998
1073741824 1088309838
1073741824 1059173810
1073741824 1062601578
1073741824 1069457114
1073741824 1064315462
1073741824 1060887694
1073741824 1066029346
1073741824 1081454302
1073741824 1076312650
1073741824 1078026534
1073741824 1084882070
1072027940 1074598765
1073741824 1067743230
1075455708 1072884882
1073741824 1055746042
1073741824 1079740418
1073741824 1057459926
1073741824 1091737606
1073741824 1083168186
1073741824 1090023722
1073741824 1086595954
1073741824 1074598765
