595 99405 191463235
106072 30520784
156916 25463123
111693 19362569
128645 14447684
143849 1840108
149217 7476650
101353 34220572
110476 38852904
141079 8359577
154583 2001214
131096 45824443
105758 25224122
116124 13879227
131601 5305031
154245 30358649
135227 45987470
153481 13391605
157314 15634771
155568 21371872
110757 44215635
149708 12282379
111398 46070737
161771 27455077
150637 45181062
132349 30123133
133981 2903109
143104 24991437
131759 3775178
129138 35111199
147333 41243443
160023 29313613
114182 41002955
111773 27532456
120898 9971787
147747 45345581
113115 44299230
157407 3609514
163110 28266627
113036 19524201
152569 26891699
159891 28987643
100736 17099080
158651 28501675
106421 31482226
118786 37740021
139118 20318321
123261 16849505
112305 6272349
165439 11647747
124272 30282655
122312 15158231
133324 18160174
128455 33495853
101570 4907969
136214 24746369
99992 41559505
101783 8043596
139629 17590200
112097 29723491
167033 33826790
144159 33579338
151139 24823634
129692 8122707
165207 7883152
149480 7804031
133950 29799202
133968 47623075
134278 19121425
163418 12359436
119301 31245011
156785 20241805
122795 38621829
152177 12517579
137497 36534931
123733 44612582
106946 24505190
153553 14200139
152958 31565863
121501 23383585
124792 39093710
122109 15400114
147587 7154949
109303 37095141
139859 22246004
137036 38137315
161436 12748215
115722 39724953
113645 27617655
116586 44456338
116049 5630423
122111 26503465
132673 9155870
133823 42520364
125227 482237
113741 20481914
137660 30038595
144744 38296318
146055 8444406
105410 26734776
164912 8921596
134111 18964929
125919 27212845
114134 31168553
152651 41877670
143012 47297094
114890 27292739
132259 36143860
147072 21294720
118799 18638393
123592 47545249
148563 8284090
129188 34466607
134756 41323021
123868 24428894
122410 18558865
157913 25381405
148917 26113051
159308 35908788
143143 42767538
165157 22168015
149434 44935351
155910 12202216
155079 14525927
114300 27052570
134108 1678885
116857 16930284
117031 31406610
115859 4089817
116585 35026013
127539 11249353
128335 35832225
155431 28820066
113494 9728514
103139 37897227
121747 25544483
105824 3690470
157106 24585513
101457 18802536
109113 2651798
152337 40115124
136776 404256
120204 11173356
157257 23062518
130685 5469322
162496 40038627
166153 39252241
113247 30844583
116805 36454464
148075 20727095
105820 34623713
102802 41961292
119165 6355199
128289 17758219
120059 25874268
164467 34546085
149312 3531266
155818 21129412
142752 15871175
118412 31885431
119122 26583067
144880 46728514
102076 18880724
132684 16445854
157242 41166230
119650 39015477
144263 43487189
109362 46392356
143165 4420308
163212 28662378
157394 19604880
152232 793219
111398 47379933
133703 9568831
134276 39954845
158715 3929905
149756 40756555
107772 42848791
153205 35986900
153168 242653
117887 22412920
161704 13309978
116484 25142352
160280 45265231
111708 29555151
159359 3222509
163853 38456729
145072 23617261
144439 15234852
154871 10850438
154503 37576710
138016 35587571
130212 4009593
103480 8522118
157014 8603861
161267 2567720
152581 44771159
163115 18397420
133236 7963254
155280 47127909
121097 3299344
144658 1034149
155940 32521015
143727 35192879
113620 17014256
108826 36691695
110462 10053138
107437 15076599
151637 16363834
148553 46154850
116353 42205509
103149 43402150
108778 27376159
140776 44693605
128912 14115467
129213 15480106
146399 20891906
128410 39412453
103742 37257451
131257 34303422
109770 23140258
159845 82532
116529 11803363
147265 34868770
131418 11568207
138358 43244535
102901 3454237
139665 6110216
127161 23862376
139921 30435569
153391 43731499
155355 26658757
150728 24661998
162461 46885744
122497 7560112
156023 45421030
133555 21615368
157884 29475158
139726 18242485
129681 20808975
108790 45748852
139080 22977440
146971 35671575
100059 41713202
124607 41478027
141280 32204767
101556 17506987
141485 33988852
142910 12596177
114789 40196471
136002 32360570
108117 6597611
155217 10530158
106260 1276507
136478 13226306
163878 7638127
155064 45904535
117790 5222370
141781 20157165
165580 6521726
137683 6673868
108745 5063497
159970 16280015
165313 47212249
127527 159141
133534 42363440
117823 23940018
137879 40676720
116144 16195498
126980 31086643
165923 21053596
129492 42926735
164251 21934320
109224 32282225
163419 23465197
157847 47044968
144965 38773897
131973 22815788
100972 4174196
146154 39800497
145799 34142933
155679 37338934
105993 39648001
138943 949492
159582 1925023
101056 4829858
142657 22658637
122795 2979034
108768 3377122
152305 26192998
141235 13630587
116799 18320997
156909 6439638
135576 35268211
166323 17263461
108354 42604944
150262 43893262
138705 4581426
101470 17837723
111267 8686644
103699 36297089
112179 22739336
135526 26420293
134251 46968232
147137 19043485
123469 43812825
143257 18720228
129668 15951169
100011 6918202
154567 5387495
141439 27135338
127667 20074805
140066 26037166
122150 8843159
141860 33091128
115572 17920465
111503 12672612
152610 38374406
147504 33908832
144628 15713142
157813 19278602
158188 21212898
156141 28342557
120918 26344944
153738 21697591
115903 1596159
155383 21539059
133161 18080441
111966 35755162
132985 27701600
120000 558097
150483 13549929
141291 12832930
159149 13070347
133313 43168366
112757 716834
108506 4342246
153556 11403030
131454 44537196
125438 40430841
100631 36937501
116483 9319809
103748 46807622
126549 24101093
112090 32927065
118698 32437243
139916 17999812
125148 4499276
133756 42685079
165556 41636133
103904 36064064
137480 14605073
158111 22087062
162775 4986522
102181 36774915
134612 20972205
132893 10692521
162577 17347955
109693 28902465
166715 37818210
130566 24259749
126317 24343912
125654 16522568
106854 16689777
121785 34064946
160058 9404466
119010 23218816
101968 42044648
122411 32680107
127470 45666307
164639 28420085
134148 4258829
106765 45016895
110653 43083730
138424 31726529
156200 14036444
119471 10768116
121658 42127753
161647 3142547
148108 6751936
158744 11486047
138385 27782407
157026 29148014
144160 15318321
167269 2077723
130824 20401137
113283 32841937
126343 31326151
158376 33418094
126813 21856807
153590 39333783
164810 5545855
135811 24183339
131528 28026581
144682 21779106
161460 44132514
122708 3059463
166561 7231948
132459 14763027
161916 46561004
150432 2239824
132550 7392510
104396 37178889
121562 9077049
109651 9650251
104192 22495224
139993 1763423
118615 34949539
136262 44378099
119143 10367111
136185 2323385
165413 30202177
120665 39877587
134420 34785437
151287 21455606
121531 20563007
120074 12913230
104765 37017517
114520 39569812
102480 19994582
133812 10933625
105563 1194623
134337 1519016
158806 38220045
120467 23303130
165229 42441863
130413 29392131
110112 37416858
154951 35424814
133999 19443410
142368 40918277
165824 33175200
130381 2819333
120099 1112252
151053 28577716
132804 40275202
144071 6834539
131201 9811454
137351 17184298
145616 26811074
148246 38541780
108641 40353654
150671 35502555
139154 24019257
164046 13150919
136398 20644838
124564 45503250
137259 33259076
120797 47464434
161355 29640275
115496 14923142
153661 41798371
153610 8997287
147634 16766818
148670 10615273
142970 11096863
106007 30927758
100978 16034695
152294 15556392
148138 25066773
101844 33341716
139483 17674873
117485 22327689
144934 25709704
106713 36614433
161260 42284445
138407 33660962
101368 3852315
167173 19839603
135804 7076944
146869 13468119
100173 14839140
167274 842346693
163498 5948900
107308 39173793
103549 2154846
147608 22011763
108908 25301177
159524 36855868
147971 28742609
156211 35345505
108090 11724751
132775 32596846
126119 13795806
139313 8765544
141415 14366893
148287 2734815
138843 31970356
102814 12040670
102924 14999031
101635 9238923
123396 4665166
143102 43974535
111167 47704836
138758 18478136
101182 32128352
102928 11326029
154556 43653898
111532 325574
144940 13960494
162712 4748692
110968 26972783
104179 38930242
102486 15790334
148096 7316881
118274 9489017
143715 40513722
115667 17426576
105767 28185873
148059 11963056
106779 10137025
131152 5145871
118118 10290404
102427 12992787
140509 26269513
115030 30683987
158825 19916862
157646 37494030
151143 1356367
124141 19682204
101493 36221539
114974 2406707
136955 33006966
160853 44850169
102350 46477310
158287 19761386
135527 10448948
117587 29068894
106797 28105237
145882 25793862
149879 45101551
147810 43568926
150607 12435076
114210 45582575
145845 14283550
150826 31804886
120096 23700451
120866 43002203
146669 31649947
153741 5715328
134916 36372623
133482 23777392
100004 41402579
103015 41081928
152493 1437863
134164 8201415
149125 44056880
116723 27948157
162240 32046966
130299 22576133
104617 37980945
102427 25955978
140605 46312569
124997 23540567
133878 13711946
136689 24906810
106968 31003872
129284 38698312
159472 30599705
133760 43321341
163057 5869538
121971 25626929
114644 34708892
162805 16607374
120770 11886637
160314 5794012
134703 38058874
128396 27865452
123379 29962097
122763 37661366
135459 9895451
137024 30766486
164282 6029297
107522 7722938
146476 34386648
112348 11015344
136920 6994261
122665 29232160
121017 6189129
156627 40839327
136337 39493621
131731 14684250
160044 40593389
124073 2490612
163166 12117035
162355 46232101
121642 16117732
162914 637598
158246 29877431
137025 19199688
150530 873562
147232 22894836
148633 32760097
119852 46646170
115307 10212312
153294 33742955
