595 99405 17447242
28639898 410155
7362625 422089
24555048 409301
13158978 457725
30947350 421792
15817107 461834
28883984 419700
39002612 443676
16770922 469069
36222041 450724
3196173 446116
4383531 463298
19491675 435195
5509304 421285
633259 432746
3434679 429874
1114752 441815
38132511 421142
21432377 452985
25188142 459868
22088214 414733
27521935 433127
40274763 458206
35290148 429899
25837774 466652
8880478 418742
44432096 414856
17735831 437042
40757972 466877
26892974 409856
15740225 437579
45318977 437299
4542096 418527
29352533 423815
17974886 437999
13406734 433467
19100252 459998
38286281 441534
45715336 454353
18697764 425096
12925266 442602
31517220 442503
14534043 425057
46925146 465616
36375098 463938
24477021 466174
32970735 415218
45559541 446073
43220765 428180
31351237 442107
18778319 466884
10630638 410408
15658816 412679
2064596 413585
28247768 429168
395567 450748
20065561 413316
33209840 445069
31189355 426679
43862575 432528
27686574 450179
9842940 457670
20305081 421269
6314754 449900
4306254 432739
42432234 418825
37340866 442909
20632533 414735
37579771 430256
9763901 431488
23362984 437034
22642129 454911
46367442 462433
26319789 450615
11657409 457169
43628911 460066
45960152 462047
23207384 426948
5831356 457784
22962441 466749
34973456 459620
30548430 437306
2719533 466312
10156948 460553
37425991 469163
13812328 410897
3116561 466404
16932356 442392
44510274 415955
46451807 439564
12607981 415580
868712 438477
40438561 412922
37100678 446267
3999484 440599
7280221 444229
20143364 418501
31760350 444647
33370705 421509
921576712 469680
35672507 434955
39795268 450206
30787870 446891
953220 421362
28166794 440775
14845234 460587
40114586 439726
46287136 420327
2961226 464050
27846196 420871
11505004 454497
19732738 438758
14686013 454705
10710448 456189
19413873 446736
41156300 441889
32891298 443725
45880793 409778
35749651 467664
26731375 425709
36536392 458999
42669887 455752
46531261 448834
35906414 423065
24312700 434730
11975340 434389
39078923 412834
32489873 433211
13651469 418538
41633888 440850
32652222 446856
9687059 419481
14454525 454824
7438591 425214
33849804 452599
476316 448132
45483801 467220
3036795 451948
3754661 446053
18056224 463663
710847 451000
21921292 415407
34008022 412508
23441278 442024
40602546 444182
8078980 418316
6886001 438571
26074484 412624
46695382 440162
17813216 413215
39394846 440206
16213755 414852
22002951 423829
20469343 440761
1353556 469458
28724227 461868
8795845 427956
17252291 412949
16686608 465684
40191010 420541
40838420 433353
23123333 448508
33689647 442473
41709904 462228
11180612 463232
9363964 454212
13573133 455816
37018654 436300
32734752 443902
45072913 437328
30868160 457206
25111078 418451
19179684 455866
15495148 447166
2803813 465756
42900672 411219
42820819 454945
32236320 426297
26653165 466779
11739494 465422
23599004 415885
30632797 437689
1671438 430573
11024604 462063
10545388 442793
30243084 465699
9279121 445833
47487359 417529
22807705 462244
16854503 433380
17172896 415905
40914297 442902
31914997 454392
31838506 429068
26237697 429047
75752 431757
8720013 417654
32815593 425045
35052586 416790
5672912 460868
34166681 434039
18455292 460011
26812272 458094
5267748 422594
33126297 448531
35128812 434330
36454675 440335
28959473 435555
39713810 445284
21686299 454920
12688152 425217
2884271 431453
5909397 426327
19336393 428627
8156637 448719
316957 421338
44190030 429703
15249288 452358
40519189 442451
10311140 455960
21601318 417668
28001889 467630
44989570 443944
18614307 467243
13321695 409078
42985596 467341
36774393 459178
12849908 423677
44588122 458096
5989081 411519
28082522 416482
44670821 442566
12052411 428393
24951382 428288
24392456 411486
22477866 431123
39555846 468009
39872087 409281
29433914 437709
5349038 410908
15084922 441286
20714842 411968
13896998 409942
33526915 433305
43140412 446726
12367779 408888
40356644 424334
28563862 426623
31602117 413750
14292491 465628
39157268 426586
39234579 437971
5588768 467143
18939712 421570
12209494 468672
21516893 434530
3833567 428994
33047675 420544
22163882 457210
10391340 452909
155233 426355
16373109 442449
22556921 451257
20796274 427572
39478502 429039
17015034 431163
11104684 444051
5425262 422244
18214110 449507
2636583 433264
7520590 431460
32406338 419749
3275800 414993
41871902 436420
22241600 439137
7683193 415473
8235941 453954
30318434 441379
32077312 454146
6478632 442912
34894027 443177
6562231 467053
22323405 465578
46119501 424525
9525675 455813
16138410 464649
7766929 443919
35521490 438666
34329845 410826
24872629 418045
32574446 411995
30394109 452432
45638498 413427
17890571 447309
31992310 458842
7604418 450832
7843066 448197
2310335 450502
25996078 432430
37181262 437439
10076146 450296
26572942 410933
13731918 454515
47080325 428642
12529388 441711
44911503 421638
11347891 452802
1272558 459359
28330809 463695
29928310 445177
17329352 441841
16448608 452836
2553547 465897
38681386 465429
12128437 427327
13080874 469585
46611705 468501
24237144 440823
42110417 441201
21356563 442210
35597131 425752
2231260 447114
1033470 447621
20223331 416009
30470282 437067
42270613 453854
16290929 458280
16606895 460737
3353641 444902
43947104 434808
29762028 453947
8397724 445324
1195149 464717
5751223 435803
14055552 414975
46771134 469420
29598321 458644
7922094 451547
11427923 412019
6399583 460156
27361119 435519
18370528 462482
21033665 435220
43705530 450150
37977830 415501
29119070 457447
25915125 423452
22883516 456217
32321271 418970
14376575 460030
15894654 445639
6802401 453968
29843210 445404
19019566 438584
47408194 434648
16525065 411573
19900903 438911
9042838 458143
44105495 445274
44826595 445655
29197836 463471
555155 462030
33768674 445414
31266506 411423
30711938 440593
18132775 465373
23919202 431382
6147354 427692
35366016 451220
34086091 430462
19984689 441293
33930794 416034
25268367 411601
10467342 469314
4705953 437332
42348519 466011
23678719 417580
25030212 445785
4155497 425974
6230161 447102
5025873 453297
38443595 467973
19571060 456710
21116347 459805
30081961 412001
36298530 431371
788255 416251
15413868 443556
34251877 450531
25760340 454008
3514409 452373
27766860 454709
17651050 412850
41557652 413577
19650617 449864
11895528 459595
19816873 445003
9447873 430315
35442621 447325
38053577 451177
46203146 424113
26156673 415672
9998392 445596
22401244 452861
20952618 445050
12452437 432440
20388474 410101
5106761 416906
27050960 422128
27601405 467337
30005914 418272
28406682 426494
44747502 452583
24159724 468567
15576250 460666
8565648 465624
25513539 416720
32160560 411386
24084250 447968
4230815 425654
13240259 438674
1827565 425406
10235640 419344
23283853 462190
13975622 456447
4458909 434852
38759647 424163
45401470 459525
9203306 411106
34486907 411156
45234647 417443
1436532 424175
26489992 421129
47001539 413610
36696767 430337
43305080 442362
13488848 431495
34409850 467297
27283968 420667
33448432 442790
28483448 425186
15328663 430638
37901379 419123
7123882 410052
38598457 431249
43467528 418251
27130428 449392
17569795 424469
36934799 445906
29038530 409398
4946909 449214
37501359 457524
41323292 441430
42588926 436204
27443676 412953
34813031 466708
4079402 460427
33611664 429169
8317500 449195
40677858 449575
22725352 441654
1903696 468232
14927251 428430
10945789 426582
21768222 466924
43063437 434067
25429277 451406
34648969 464202
25677346 435301
44348246 461002
41071459 413181
21198186 442139
24713472 438699
1749673 450115
38209580 429368
31678841 462874
15169367 430760
1513937 464446
10787597 414786
3918039 460505
18532142 416947
36620374 414533
14767629 457523
8957597 468901
37817533 415837
35214055 417318
3674774 427826
47241271 454238
29518598 428772
11816840 412952
8643020 458071
33291323 442882
24003217 409439
38844461 451640
44024508 437679
27921974 431011
35828507 431557
23038105 443333
46848693 437676
2477228 435896
7045613 411315
37660749 411362
2392758 427052
9121675 466807
21843920 426052
39637928 426255
18293383 442279
15004463 467911
43385051 452637
23518695 449505
44266938 443017
17489739 435568
34730358 458406
4788424 444118
39314971 464286
9918405 468002
31026753 460377
27205993 437966
40994748 465520
42032720 448069
34565358 468271
24636148 442513
42745251 422934
1983622 465046
15977791 418700
45799794 450982
29276518 414929
41238263 417189
11264539 465894
26405011 418603
31108539 414188
38920337 424495
29681375 421303
20548979 467481
17406732 428087
6969876 412675
18861540 458068
24791329 443945
8480472 439360
23761989 457961
6071776 448595
42510850 456956
41481799 412710
6721689 464863
36143945 457759
47163116 431556
40029317 457555
36065592 423239
16058454 466981
45158019 464059
1596149 455476
30161577 425744
21274008 417877
17096045 467555
14610166 420192
25593805 424139
6639048 447120
31435492 454993
47325549 437157
9610781 423694
42191949 456074
11581079 414019
37263158 415785
5188993 429495
25345407 451879
43545769 423369
2147353 460517
23842547 447279
46037241 421158
4866604 463316
39951918 425588
7202119 466486
41403459 445238
38364329 445924
235755 411060
35987585 424619
20875542 460916
38521318 467835
19259606 453847
14134457 450197
4624984 450309
13003975 453650
10867309 463273
41953027 447680
12766326 463434
8000153 425499
28801820 432291
43781340 408818
12286853 414031
14214176 460268
37739795 468530
26968646 411275
36855707 453398
41788095 454032
3592773 424339
