0 0 14.15625
0 1 -29.671875
0 2 -54.3125
1 0 11.28125
1 1 38.640625
1 2 23.125
1 3 3.75
2 0 -1.25
2 1 54.875
2 2 49.8125
2 4 -7.65625
3 1 57.8125
3 2 128.40625
3 3 79.4375
3 4 43.640625
3 5 45.5
4 2 61.28125
4 3 39.75
4 4 -4.421875
4 5 5.0
4 6 -47.5
5 3 14.4375
5 4 81.0
5 5 22.953125
5 6 98.09375
5 7 -1.9375
6 4 -67.5
6 5 -11.5
6 6 -50.375
6 7 7.125
6 8 53.125
7 5 -20.78125
7 6 17.5
7 7 15.25
7 8 70.03125
7 9 28.125
8 6 -37.5
8 7 3.125
8 8 -59.09375
8 9 95.71875
9 7 15.625
9 8 59.5625
9 9 -4.125
