32015 367280 -20.78125
66238 367280 11.28125
176689 369129 -7.5
184860 379413 16.0
184860 572572 3.75
193653 367280 10.6875
251533 180415 16.5
251533 708847 -14.4375
257676 909517 18.21875
257676 962318 58.796875
290436 260934 8.4375
290436 422195 -12.421875
290436 592711 -1.875
290436 758740 13.125
290436 908624 11.484375
363175 653211 12.375
363175 772471 12.9375
456601 71392 32.375
456601 167214 23.703125
456601 256194 20.8125
456601 297754 -10.984375
456601 877173 -17.921875
538719 274902 -41.4375
538719 359612 -26.296875
538719 549877 17.53125
823185 139533 8.125
823185 654555 -5.0
823185 878634 -1.875
829589 465921 -7.3125
908296 379413 38.0
908296 572572 8.90625
948050 387980 -21.96875
948050 433496 -21.375
948050 604133 29.6875
951147 367280 8.3125
966481 123929 5.0
973240 387980 39.3125
973240 433496 38.25
973240 604133 -53.125
989830 653211 -6.53125
989830 772471 -6.828125
