900 89653 876
1528 80854
1003 24819
246 28723
1657 98351
1128 40924
606 76942
42083 19611
1628 71996
1334 29491
2368 94772
1043 41575
214 7451
1201 86549
73952 58450
1208 80834
846 70667
1063 90137
48592 73850
645 13945
30226 73083
792 61562
1994 95624
88 33346
313 72178
1790 59706
1649 72471
1305 31840
1979 17762
1095 51381
244 36637
809 38273
775 99030
1418 85123
1135 50522
764 96191
1207 93884
1197 4938
310 4485
750 21759
1794 93489
1887 58606
1232 98695
46983 83329
732 22132
295 78604
468 86104
197 48261
975 4960
1765 38869
957 24603
1192 70587
1800 31063
1206 80810
1138 92276
1171 73897
473 35314
1679 73776
1260 13216
622 59974
690 30462
1081 92633
975 6333
842 7635
1537 66545
1175 73977
1004 7386
671 75979
1636 4125
532 98811
1698 90227
174 16618
1381 32418
1104 36208
675 27503
475 75059
558 81559
295 86999
749 78954
485 80291
654 98445
951 53626
642 52358
1194 66814
1394 83500
2117 15986
561 83918
74 95261
1606 11635
0 59652
695 41593
101 77985
68 41134
802 47605
1713 53461
1419 69735
1130 4662
1630 71328
1539 17803
937 6216
645 12236
31198 80483
482 63692
2067 49858
1155 14596
1241 60204
1449 57148
1506 96789
696 86200
894 66451
1398 74497
566 66275
773 74637
1116 70732
809 42671
1612 63527
1245 84697
419 73427
1076 64739
1156 19094
74870 8506
1304 35989
1374 25751
965 8096
625 1332
540 27072
708 67157
933 22365
981 53620
1548 85786
1235 6823
1327 32817
1112 86527
862 84455
1395 30967
1412 35079
25404 57734
1329 19268
277 67302
865 64161
1019 74165
2248 59777
681 46504
241 69044
1024 79210
888 8025
863 84493
757 49195
1155 84183
190 75978
886 95468
1755 92079
855 11799
178 56360
30227 93204
508 41842
125 78163
316 92620
897 23989
1321 98985
209 71722
954 27811
1437 69732
1289 16514
1757 67230
562 94099
1390 30151
2159 5220
891 48391
376 49912
1046 19283
24578 45509
1141 94321
1527 63263
1357 76781
1686 84605
1781 99905
1133 88394
1054 84454
863 95367
1122 28047
1087 11604
1160 56343
987 62604
1055 29903
1798 23991
1098 99888
1460 11648
723 15225
1281 59442
1487 25105
1442 58383
66024 22221
92291 78802
1064 53406
396 60608
1021 27499
84 26472
1355 31432
947 14901
758 33125
317 604
804 28498
1003 30208
76 20589
315 7870
1222 40224
1456 14441
402 35293
361 86559
414 40101
737 29770
2188 12004
1064 77358
625 69759
657 38239
697 11990
1558 37689
627 93355
1355 10851
625 55578
567 63277
752 48171
387 95064
85257 16842
1101 62642
1298 64720
1293 93788
806 60924
739 68122
1930 26941
428 89958
1108 1847
1042 74090
512 21203
562 80465
677 60632
168 96383
598 92919
319 31703
434 39034
975 39839
1042 64025
1073 19687
950 66127
959 82544
781 45660
777 43514
1637 90578
822 17311
64450 78792
721 85017
89135 10706
658 45266
1556 94338
288 17777
890 10084
1711 53788
206 77421
854 39274
1254 49769
1289 91802
1274 57149
678 25807
71137 92586
2351 35447
443 81629
859 9903
644 84642
930 2910
649 86237
753 42697
1569 53178
524 69307
1750 60339
915 76312
1638 79730
1249 11371
24 27171
768 27611
1624 21531
1233 85545
372 9181
1090 41036
84773 55128
1053 4308
1359 75303
1205 71558
1283 80371
33368 26434
180 90820
93038 5515
986 64022
132 61513
1705 65994
1442 46122
250 63067
2215 33839
1451 1687
1053 18535
279 33620
1095 44455
1669 43974
917 94406
757 37285
1070 50026
1001 68552
183 60006
671 69064
608 66655
1384 28530
448 81019
1666 63250
1243 90608
147 85432
799 71769
1157 67377
1072 6742
151 51916
911 87213
852 38200
951 49781
546 26434
1100 35008
13 72526
576 9856
60717 1795
911 20977
777 5711
2408 53797
1533 69387
417 69966
627 84837
54857 66931
1375 28906
494 3099
95551 40843
1617 14172
1241 22559
852 83791
1667 79340
20820 43108
911 49094
892 53144
1263 50197
544 12443
1108 9531
835 79449
893 6363
797 91628
1239 17283
820 70015
927 80381
464 17920
77496 83714
667 81182
939 61016
1489 19883
291 7485
1440 87600
510 73637
997 22689
1226 74090
1400 88393
1251 95949
164 63443
1643 42056
2 28050
1546 27018
85216 38958
643 53944
1527 79433
1752 65568
1211 940
1546 94859
24990 54662
1044 39121
1235 5977
61 48395
1325 60127
1975 61123
933 16556
1721 57314
848 93031
820 34213
1052 31535
79635 31078
225 19481
255 49307
1086 64120
1531 59182
700 82549
1699 83401
357 58928
330 13536
1182 70758
1061 92610
248 91042
477 91232
1540 45031
805 96845
1309 54708
745 39526
842 16451
1923 14255
1153 32193
1446 45269
1101 35747
755 30229
71480 46355
1066 90067
2086 56888
32495 83542
943 59331
224 12874
1711 80734
42112 30758
742 77816
1428 31321
739 85981
1240 69477
618 93570
1759 90437
1236 19642
804 63619
968 94076
355 89394
1343 46707
920 38376
906 95089
728 68731
1179 24666
368 73552
1698 88191
708 22829
1138 71532
701 34909
1806 27831
1940 9487
1501 11434
1183 28841
939 96134
1507 1034
2129 79158
318 51307
706 37200
1208 19611
1842 22080
365 85763
438 48181
1795 7571
516 57403
298 84861
1373 66059
43 25594
1012 85163
1370 4247
20846 88180
63534 93166
1263 53320
1207 32675
882 31231
1217 53947
1441 5422
833 53657
1346 25132
1362 72789
1230 5950
1527 80609
676 61187
2108 45037
1080 38237
1604 36166
1615 60676
1020 44394
876 46926
915 52729
1314 97670
1368 5793
1886 67067
866 96839
14239 29926
752 63551
144 85908
759 54064
743 8826
871 427
545 34718
584 67047
37387 93554
696 60805
820 95649
628 50133
1325 59580
1390 19093
486 77870
1080 45315
178 49714
610 82243
706 44721
1100 98660
1642 37469
918 69883
674 5072
228 33093
1483 5534
1307 80012
904 73704
1802 94530
742 85989
1411 4122
829 96923
711 75665
2100 43296
902 59205
1088 9980
1209 61249
1112 80639
1639 66937
1142 65350
1261 24265
807 14375
209 79300
2577 25095
653 50729
1407 27623
1367 42651
1223 20024
1019 4381
621 93251
1153 61664
743 85384
782 20064
47405 91703
80239 14745
845 75333
38090 37598
952 26263
997 15591
301 47975
981 66143
698 91197
234 24987
1114 13436
597 46800
887 12094
1061 67509
494 83319
987 18702
810 32331
899 37193
1504 86246
134 61765
1163 84969
980 66338
1382 98581
1633 25426
612 38295
905 39215
1233 95179
839 64089
54870 88334
1443 80691
543 89096
868 93481
1415 18549
1091 26159
2100 30098
303 52241
1023 1921
4 90747
89070 97844
1408 9484
400 41275
1309 68807
860 14607
1121 40616
464 71034
1599 27206
88349 724
912 76314
411 34320
953 28537
52152 82622
2209 45853
1660 42703
1179 31202
1288 20977
1032 28866
1264 40052
1073 8471
1482 89343
1574 20629
412 93578
1534 13652
1536 73435
1211 29499
22 28483
1411 97863
1016 79742
419 91753
329 49773
818 93390
875 15106
2015 76342
57631 93309
82 10595
549 35568
599 42753
377 75063
1107 68942
1196 20702
1085 18429
1456 9288
812 7252
1044 23773
1328 5059
1543 96489
1249 4869
90 91057
1121 13156
20337 51593
382 53943
927 26083
1062 76690
751 51987
1495 90808
96617 12287
1456 61718
712 37410
1489 51689
1394 77648
1299 7920
321 49208
1606 8480
732 34772
1074 6450
621 54649
769 16906
717 24004
1075 54635
749 61807
58295 46325
261 53354
1060 40201
1731 18659
28 97341
778 46302
892 79666
2007 70272
19816 37123
481 40493
1276 30643
815 92084
1058 67056
581 57692
395 2070
1004 61045
490 8154
203 85034
316 90203
287 99773
946 62122
1202 45126
529 49408
794 61096
1106 77817
1358 62685
1379 60667
1122 96887
59082 82623
870 57255
1333 11268
1016 76878
1051 57164
1185 83336
1277 45635
965 26422
582 46809
468 60765
1278 89005
459 93730
1264 37870
777 89909
1114 63937
893 11147
324 67746
918 21889
1160 54030
1181 20529
1229 77001
1136 29952
875 98590
1430 78053
456 75058
1561 74954
873 73190
244 34389
789 49825
1950 26494
1017 14925
1423 70308
582 52726
631 14944
761 33300
423 5025
1818 7153
750 79491
1225 13275
706 87375
1510 29408
1193 25222
559 66759
634 20756
586 31676
603 25511
1245 24041
1095 65220
857 573
386 7672
1248 72463
1935 11418
748 27642
756 94654
786 61146
1095 54305
829 72046
1637 16713
1473 85062
1273 82391
1459 38846
829 14263
1527 32908
1844 386
1057 55524
1479 12573
1863 56067
1082 64813
1572 5802
1060 90904
579 64811
732 60499
1172 32056
1004 21987
840 77139
2231 18083
1376 68277
24064 37039
1412 57479
1395 30751
1440 19668
1852 97061
1813 72475
330 45409
1608 87466
1412 25459
1498 80828
90479 62956
938 5234
882 86883
1338 63088
1429 3194
455 66929
1427 74470
535 48383
753 82394
1934 89333
626 48393
1438 45726
1786 10770
966 69625
646 97723
1023 8089
673 1716
1252 45242
272 70933
227 86424
1120 98030
182 97084
1641 93445
765 8677
581 56743
753 4648
677 74978
1334 5845
834 40563
1143 88647
1168 76797
982 74297
99 199
536 41102
985 10734
1419 93293
1291 84955
782 77970
944 45110
76094 79183
662 61203
310 41605
777 69097
989 32827
1113 6444
1041 67684
210 69295
1538 34874
547 7872
68 79937
864 54924
679 22493
1065 11250
666 60812
1740 55693
1043 58274
1296 35325
1716 87494
1314 22520
1428 12762
43326 81175
478 44372
1037 97878
1200 67689
1047 99270
2101 48225
1047 64994
851 6963
668 7799
1326 97280
835 14153
1989 59346
875 50730
1461 62567
1473 77484
1451 42058
900 99011
1617 96299
27871 70166
1418 12853
1713 15793
905 56686
1889 57752
606 16157
947 74961
1375 14137
672 13017
1176 14261
589 17441
1246 3239
1491 1566
1362 15822
1265 82711
941 7548
954 8868
1329 61011
1402 76381
1282 62488
1452 48260
761 81128
1287 73445
776 48162
1457 10743
54507 81407
1232 81740
2091 75696
1844 73728
466 35437
1177 70481
833 44699
1126 53124
1045 32561
1540 15774
1798 21005
889 86320
1422 71964
768 15848
1528 8542
1568 64403
1072 83532
1233 95448
1310 55023
1559 32915
1349 52317
1689 19167
472 10325
926 1522
67 97950
330 98777
906 95580
1071 82799
938 52029
124 55424
2147 23466
1122 20863
909 31175
1048 84269
36295 92430
142 54207
778 63605
1163 99226
1236 59685
1481 6235
1998 26926
