900 71238 711
2416 -10515
1255 75004
465 -65619
1441 42372
467 61750
1255 -13954
903 5572
1679 -11734
1097 -78166
27567 -28752
641 38958
1066 22209
2864 -8062
1455 29455
1462 -19368
783 -63735
540 -70934
1784 -37289
964 -19215
1395 44904
607 38300
1549 96109
892 83503
1430 -52458
643 59837
438 -9560
1586 -37290
798 -61972
127 36874
916 34929
684 -34726
1157 39990
1480 -62464
790 -74421
764 -58306
53535 97489
678 -97585
516 9657
1732 -72732
839 -12703
754 -11895
931 39828
34355 71216
1503 30240
1177 -15917
1177 -77035
1019 -40665
417 96365
28 -9841
1156 -86768
468 -18565
1449 94982
81322 43502
689 18508
623 -29980
725 86177
1819 61991
766 2126
1419 8916
1687 40439
371 -49403
1149 54019
1353 60177
685 -48715
1659 -90334
963 93037
60029 47236
805 -44
588 -97635
543 60904
1431 -63502
1401 -84325
1323 96635
1476 -54365
821 -100000
523 63778
379 -69044
1069 -72465
12007 17956
1290 30406
703 58720
1093 65795
1256 -15558
54053 -42573
1047 94380
1622 -74271
572 29205
613 -95181
2127 4333
1770 29852
882 57232
888 46936
970 -15079
1333 -59409
58105 -39380
1088 -13865
1512 52346
1163 -91380
1011 -41873
1636 7749
1652 11083
507 -10506
543 32138
1788 -37239
260 84002
1101 1753
1686 40013
50644 86264
180 65763
636 -5146
1099 13957
858 49642
1001 -81392
1153 -85793
2264 79801
1515 9602
37 -17500
1355 -94636
1166 -90030
1549 -99229
481 -22662
986 -10736
918 75159
880 -24453
904 -97048
1717 -7182
719 -86221
1027 90166
1623 -96892
1298 -3584
930 -50783
58941 -81041
0 -57588
1727 58118
577 11088
269 87555
1046 -97569
524 46612
1181 -14577
1285 75135
646 -47676
624 15490
729 11564
1177 46195
1430 -83197
682 52616
866 48522
429 -24015
1157 -10527
558 76468
1516 -6677
41080 13187
230 -63136
1109 38538
1553 16254
1236 -75136
880 -15340
456 -86723
102 -90731
339 -85393
980 61822
1545 -89600
1133 -76663
262 55290
380 -17884
1008 9566
1013 25680
376 83746
1613 -21461
506 36701
1865 96333
456 -11546
974 -68101
625 -24431
1015 33636
1185 23694
930 -1258
1083 -76665
1464 58658
1356 -1925
251 -36088
1200 66222
1486 -30406
1379 74712
1581 -86171
695 99969
1348 27558
1259 41755
1009 -66100
1254 -34814
1071 65976
1312 -14300
724 -82874
163 55147
1449 -54550
1236 -2247
794 -39218
1303 43052
525 40383
864 -49408
1150 -25119
56 97627
1054 7245
1275 -88251
1088 15969
760 97201
1957 37128
1772 41427
335 66219
760 65466
901 43146
815 66162
2 -1827
1200 -93981
1597 -21503
738 20864
2251 -73058
135 63812
953 -40801
306 34680
799 34637
646 -5638
1253 36617
957 57152
566 2125
984 84199
1209 49295
807 -27511
1374 70553
1254 -42633
494 76116
966 73203
956 14465
1210 39860
668 -21196
797 92678
1306 80637
43 91365
950 28304
586 -82825
910 -44132
1079 -74980
345 -83706
171 85704
39516 54391
1179 15692
943 -19658
82855 -27415
1194 11656
418 -19103
1091 70190
596 -24431
1341 79726
1701 -54824
39 52191
1093 40751
1119 97293
707 -97333
898 57764
781 -8032
390 20804
1611 80315
1824 -34040
126 -85875
54523 -83186
1039 29321
12067 70167
1283 -96712
448 93628
552 -47501
722 96650
1119 -7690
1253 -5587
1089 76170
802 55461
1583 -14674
1029 -60588
657 -31514
1553 24263
434 -16976
1069 95553
1750 88363
699 96864
1224 -60609
1202 -94895
1744 -97966
1546 -82462
179 37504
95208 -4913
1819 -49252
704 82342
2200 327
33530 77285
1239 -21119
16589 -31948
739 -37464
1808 92101
81396 53268
961 174
1715 -96564
50163 -55224
552 71112
505 62082
1213 -5282
2021 -51541
1172 25104
1113 47785
1751 -56135
1411 -19151
1497 37528
1667 83834
897 72482
663 57011
993 35337
84425 99638
745 -9674
1093 -43921
87414 -88986
846 99711
823 49585
1208 35832
523 -93245
1096 59860
1139 -9629
98 -88336
1264 -88130
1463 -66917
1409 -90153
43623 15784
734 6047
1538 57618
65150 48533
1774 5352
621 15490
942 52700
1536 -9127
1657 5199
508 -42649
1749 92405
1970 5196
534 15975
703 -92963
1123 60475
1138 -94854
23 -44822
79798 91690
1048 -518
641 14230
858 47189
192 59622
1442 61931
1022 -33755
982 -17295
1527 -14732
867 -44667
1010 75498
986 -58779
328 31112
1609 -53339
973 -8945
857 8472
78846 -26270
1033 60158
935 87702
904 61228
701 68521
1190 77962
817 12647
922 21153
910 37492
921 -91417
2183 28151
690 93231
737 -50477
1429 -91304
1100 -52857
2722 -95487
1625 80929
1180 12618
918 10305
1027 78537
774 -4178
1181 87511
1714 49492
1612 -94237
1567 -73071
1376 45880
1218 -74171
47956 -70505
1540 -47523
1098 18840
390 -7170
1002 -53918
613 -93066
1035 -2854
217 93015
895 27648
722 30241
1381 64480
1810 21472
255 -95581
1719 90499
173 -34004
172 -43115
515 3294
776 58827
45327 20388
953 -55247
1493 -50713
1388 86389
1196 -54787
1458 -21567
1326 22209
673 -12216
969 -41073
1176 -87515
2025 73608
1189 -74181
1200 -78085
493 -45028
1289 -65873
1141 88609
763 -30235
406 54628
1656 97080
62 88231
1460 55205
500 56916
82328 -54383
11528 -90464
764 -50514
696 -74488
963 88215
1543 -88125
769 -246
310 57375
796 -92844
1375 -34829
1356 52335
1058 75742
1236 33874
958 69705
10084 91148
380 -68847
1599 36126
1363 -64231
1412 -75607
366 78452
429 87949
1633 -88400
582 57983
1264 -28648
1191 -3847
1045 53211
1646 -49433
1293 -48000
721 75749
1076 -48273
1290 94402
875 78561
17 77624
1529 72688
1483 -26926
1330 12038
1095 66631
151 58185
700 -90255
852 -50373
1033 -99886
818 -22710
1076 34316
1349 43404
1002 -12391
1107 -78346
81977 -93454
657 67571
1513 54206
1403 77153
474 -40050
2284 -14636
825 68144
743 -69278
1229 94946
1827 -51350
50662 -78191
823 -21037
725 -88430
1078 89669
1027 -14295
719 -86566
1342 -35596
1406 37989
1430 96146
776 89321
1730 87861
920 25043
773 42069
1135 25518
384 75265
126 -83063
1855 -95716
390 -85533
1452 -64207
29725 26607
1970 -45738
1147 -38733
1541 -21914
339 -57013
511 -64005
1427 -17198
2118 -8537
27 -94841
860 58525
988 -63314
1456 16321
612 -74558
483 -41500
816 -35924
746 17643
1385 -45120
874 -42155
1687 29325
647 -51933
2294 -54337
683 -82351
1430 89961
1746 85773
454 -48602
408 39894
876 -19666
1283 -49747
1532 -83092
891 77126
1345 -78138
976 18600
695 51041
1347 -16914
460 40183
1462 2957
1282 -76188
898 76766
1436 18210
238 -82758
381 -24562
404 -73690
26286 -17855
1573 -94737
1090 -77145
793 -12483
1112 -48599
1187 -92083
552 7858
621 -74589
1423 79140
235 9832
543 -65062
681 -24729
1128 -33155
1009 31800
1677 -20221
1165 -41445
859 1560
756 -10065
1057 84985
1394 2609
2105 -77133
245 -32768
959 -35209
796 20947
658 -1058
855 -84442
1491 76363
1517 -13429
243 23015
744 -70824
72833 -11450
1330 -71368
1124 2319
1210 53346
978 71570
845 9209
999 59278
477 -88556
1645 19661
276 -40896
1831 -41462
1344 55682
68269 -84525
823 -46956
906 -41106
91 33416
1352 83259
1400 86331
381 69922
1019 -17578
14843 47152
473 -81627
1345 -4149
1609 92825
1585 24027
1522 8123
898 -98284
809 -86527
801 91429
120 18648
1201 83996
1508 -60602
754 -92023
1093 8401
381 67811
1030 -27829
664 73377
1012 -3779
1773 19014
1272 94200
902 -23171
1210 -64519
422 -76434
873 11320
832 57826
1111 36450
231 -51172
1320 32542
1833 14738
1630 84592
730 -58547
1494 -2964
1232 88407
1578 -42894
403 -99509
1863 -29631
1957 17315
1488 16152
423 98362
1142 -82759
1961 20849
324 -20770
1242 -90204
1091 -31726
1099 -16482
776 -3161
1083 4336
1085 22011
1351 -80058
790 -67312
1035 21320
1655 24818
1323 -71118
701 -72866
43653 65597
791 -47754
1071 -77074
2033 8028
1626 696
1404 -35995
1359 -17376
1213 47139
755 -59129
1497 -44348
74753 -49333
16472 68182
649 25996
324 97466
226 89795
1668 -93482
1405 9045
99880 -79750
619 -52181
1036 8733
726 -99146
1352 -77007
321 64532
236 -52529
669 16684
756 -83288
384 81280
493 8612
284 59312
1234 78315
1673 58298
349 16297
597 56169
916 -15372
2120 45656
1523 -50368
1351 -56406
460 70728
1246 -81316
526 -91239
2592 -33947
1217 42741
614 -31362
1454 -98280
1304 -2413
57 -69120
1087 -68392
178 -8868
1551 -13073
1287 99674
1408 83070
1435 56893
336 85852
1364 72565
950 30097
1187 -23794
1142 -81406
1085 -92428
853 -6072
501 -58153
1177 -30369
162 -39310
1434 -90012
168 -78082
1073 -91446
1172 51137
98 64883
950 -42363
818 89666
1206 72872
1097 -58871
1349 -78717
312 -19885
1888 724
618 -30571
886 5638
59596 -78727
1558 -13897
884 -18382
422 -85067
1506 57098
1049 81680
1015 -9715
376 9485
1842 38310
1371 -19071
1217 1893
2024 -87600
726 13169
196 77688
310 44475
697 69609
434 54048
818 -60506
1455 -99555
1507 -10084
435 76195
567 98237
1198 -39179
335 -5953
1389 86071
1052 -92974
1620 -60092
1054 6338
529 -25573
1243 -65143
929 45966
936 -45433
47925 -91935
477 -38000
1261 69524
1074 72912
867 737
1895 -8960
1085 -15584
552 -69400
397 65242
448 -86877
733 99639
1013 42101
24 -12984
342 27191
316 7022
1337 9626
257 -79328
195 -33206
17748 -31347
2201 555
937 -17514
1116 79346
449 6018
573 54302
1372 51638
1348 -95244
1302 -3403
1225 29792
157 -81348
768 -36627
1320 -98228
935 -34873
575 -73556
1118 88082
1813 76991
630 39968
1437 51856
995 -73629
1533 -55153
1723 -80605
593 84922
550 -23247
82117 91568
1090 -76505
1114 76928
847 94095
768 -88550
1539 -28891
1218 -94717
1454 -99574
621 35086
1353 -6918
525 -65166
1907 20636
1188 55234
642 29792
962 -53932
1454 3425
1378 -76697
942 -72471
465 54507
900 43260
1000 28838
497 -99376
1778 -62243
1770 -21544
1852 22567
440 -7347
637 79563
2221 -86162
59343 -57873
1896 -24338
1727 -15252
1954 46311
651 77726
1152 64596
1083 4711
509 81910
1429 63428
525 -77424
781 26678
1105 -86367
275 59515
1781 -57615
738 87707
11983 -56436
703 -12812
617 52203
51718 58783
693 -6630
1294 -76133
899 -13859
1659 -71840
1105 21162
41538 -83398
853 -88968
1352 -47471
1200 -95617
1286 58403
1051 56530
16 59143
1004 13136
1107 68515
1780 -93615
992 -29856
1252 98529
585 -47565
928 57869
174 92471
607 90328
1412 24321
754 53558
1615 67137
655 -20184
635 54226
674 56939
2407 38004
2160 -81090
1202 -10770
1623 -12483
112 64246
1435 -1769
1418 13814
1003 13936
1255 -77855
565 -66835
392 56537
56502 26564
515 -36582
645 -22680
1165 -55512
1863 15289
838 -54620
95940 -60133
766 96912
503 -82749
1235 95890
1399 -76388
1140 -80698
976 -94707
1043 71811
62160 -96429
1568 -54638
