131 61 161
128 51 180
147 47 132
119 85 123
49 134 201
100 70 185
146 41 144
151 60 152
119 135 157
125 125 206
150 123 87
140 78 191
144 119 133
133 140 164
115 194 188
136 122 139
118 124 85
109 102 165
98 142 134
84 166 139
87 184 78
129 94 128
103 98 130
90 98 154
116 144 153
147 135 126
97 128 116
102 114 146
126 129 191
88 162 142
100 89 141
107 100 96
123 137 108
79 142 124
147 224 108
77 124 167
111 67 155
71 92 133
164 133 132
109 131 99
72 123 187
92 134 143
144 57 116
109 59 153
195 91 65
75 219 144
119 144 133
102 148 127
136 87 116
138 79 112
104 173 184
165 176 172
135 107 181
115 109 205
131 35 130
