500
0 1
0 2
0 5
0 6
0 8
0 9
0 14
0 15
0 17
0 18
0 19
0 22
0 23
0 24
0 30
1 5
1 7
1 9
1 11
1 12
1 13
1 14
1 17
1 18
1 19
1 21
1 24
1 25
1 29
1 30
2 2
2 4
2 5
2 7
2 8
2 9
2 10
2 12
2 13
2 14
2 15
2 18
2 19
2 20
2 21
2 23
2 26
2 27
2 28
2 29
3 0
3 3
3 7
3 9
3 12
3 14
3 16
3 17
3 18
3 20
3 21
3 23
3 24
3 26
3 27
3 30
4 0
4 1
4 2
4 4
4 5
4 8
4 10
4 12
4 13
4 14
4 15
4 16
4 17
4 19
4 21
4 23
4 24
4 25
4 27
4 29
5 0
5 1
5 2
5 4
5 5
5 6
5 8
5 9
5 11
5 18
5 22
5 26
5 30
6 2
6 5
6 8
6 9
6 10
6 12
6 13
6 14
6 16
6 20
6 22
6 23
6 24
6 29
7 3
7 4
7 5
7 9
7 10
7 11
7 12
7 13
7 14
7 15
7 16
7 18
7 20
7 22
7 23
7 24
7 25
7 26
7 27
7 28
7 29
7 30
8 0
8 1
8 6
8 7
8 9
8 10
8 11
8 13
8 14
8 16
8 18
8 19
8 21
8 23
8 25
8 26
8 27
8 28
8 30
9 0
9 1
9 7
9 10
9 11
9 14
9 15
9 17
9 19
9 20
9 21
9 22
9 23
9 24
9 25
9 27
9 28
9 29
9 30
10 2
10 3
10 5
10 7
10 8
10 10
10 11
10 12
10 13
10 21
10 23
10 24
10 25
10 26
10 27
10 29
11 0
11 2
11 3
11 7
11 9
11 10
11 11
11 13
11 15
11 16
11 18
11 19
11 21
11 25
11 27
12 2
12 7
12 8
12 9
12 12
12 13
12 14
12 17
12 18
12 19
12 20
12 22
12 27
12 30
13 1
13 2
13 3
13 4
13 8
13 9
13 10
13 11
13 14
13 15
13 16
13 18
13 20
13 22
13 27
14 1
14 2
14 3
14 8
14 9
14 10
14 11
14 14
14 16
14 17
14 20
14 21
14 22
14 24
14 25
14 28
14 29
14 30
15 2
15 6
15 7
15 8
15 9
15 14
15 16
15 20
15 22
15 25
15 26
15 27
15 29
16 1
16 2
16 3
16 4
16 6
16 12
16 16
16 17
16 19
16 20
16 21
16 22
16 24
16 29
16 30
17 0
17 1
17 2
17 3
17 4
17 5
17 6
17 8
17 10
17 11
17 12
17 13
17 14
17 15
17 16
17 21
17 22
17 23
17 24
17 26
17 28
17 30
18 3
18 4
18 6
18 9
18 10
18 11
18 12
18 13
18 15
18 17
18 19
18 20
18 21
18 23
18 30
19 0
19 1
19 2
19 4
19 5
19 8
19 9
19 12
19 13
19 14
19 15
19 16
19 19
19 21
19 22
19 23
19 25
19 27
20 0
20 1
20 2
20 3
20 6
20 8
20 10
20 11
20 14
20 17
20 18
20 19
20 20
20 21
20 22
20 25
20 27
20 30
21 0
21 1
21 3
21 4
21 7
21 8
21 10
21 11
21 12
21 16
21 18
21 19
21 21
21 23
21 24
21 25
21 26
21 27
21 29
22 2
22 5
22 7
22 9
22 11
22 14
22 15
22 19
22 20
22 24
22 26
22 27
22 30
23 2
23 3
23 4
23 9
23 10
23 13
23 17
23 18
23 23
23 24
23 25
23 28
23 30
24 1
24 4
24 5
24 6
24 10
24 12
24 13
24 15
24 16
24 18
24 19
24 20
24 22
24 23
24 24
24 25
24 30
25 3
25 5
25 7
25 9
25 10
25 11
25 12
25 16
25 17
25 18
25 19
25 20
25 22
25 28
25 29
25 30
26 0
26 4
26 9
26 10
26 14
26 15
26 18
26 19
26 20
26 21
26 22
26 24
26 27
27 0
27 3
27 4
27 5
27 6
27 9
27 10
27 13
27 14
27 15
27 16
27 18
27 20
27 21
27 23
27 24
27 27
28 1
28 5
28 7
28 8
28 13
28 20
28 24
28 25
28 28
28 30
29 2
29 3
29 8
29 9
29 11
29 14
29 19
29 21
29 22
29 23
29 25
29 26
29 27
29 28
30 1
30 3
30 4
30 9
30 10
30 11
30 12
30 15
30 17
30 18
30 23
30 24
30 25
30 27
30 29
30 30
