1000
0 2
0 4
0 5
0 8
0 10
0 12
0 13
0 16
0 19
0 21
0 23
0 28
0 32
0 33
0 35
0 36
0 39
0 40
0 42
0 43
1 3
1 4
1 6
1 7
1 9
1 14
1 15
1 20
1 21
1 22
1 24
1 25
1 26
1 27
1 30
1 32
1 33
1 41
1 42
2 0
2 4
2 5
2 6
2 9
2 11
2 13
2 14
2 17
2 18
2 22
2 23
2 24
2 25
2 28
2 32
2 34
2 35
2 36
2 37
2 38
2 41
3 0
3 5
3 9
3 10
3 12
3 14
3 15
3 17
3 18
3 19
3 24
3 25
3 27
3 30
3 31
3 32
3 36
3 38
3 40
3 42
4 1
4 2
4 3
4 4
4 5
4 6
4 8
4 12
4 13
4 14
4 15
4 16
4 18
4 19
4 21
4 28
4 30
4 31
4 32
4 33
4 35
4 36
4 37
4 40
4 43
5 4
5 6
5 7
5 8
5 10
5 13
5 14
5 15
5 17
5 18
5 19
5 21
5 22
5 24
5 25
5 27
5 29
5 30
5 31
5 32
5 35
5 37
5 38
5 42
5 43
6 0
6 1
6 2
6 3
6 5
6 6
6 7
6 8
6 9
6 10
6 11
6 13
6 15
6 16
6 18
6 21
6 24
6 27
6 28
6 29
6 31
6 32
6 34
6 41
6 42
6 43
7 0
7 1
7 2
7 5
7 6
7 9
7 11
7 14
7 19
7 22
7 26
7 27
7 28
7 29
7 30
7 32
7 33
7 34
7 35
7 42
7 43
8 2
8 3
8 6
8 7
8 10
8 11
8 12
8 15
8 16
8 25
8 26
8 28
8 29
8 30
8 33
8 36
8 37
8 40
8 41
8 42
9 0
9 1
9 2
9 3
9 4
9 8
9 9
9 10
9 13
9 17
9 20
9 21
9 22
9 23
9 26
9 30
9 33
9 36
9 37
9 38
9 42
10 0
10 3
10 4
10 5
10 6
10 7
10 14
10 15
10 16
10 24
10 25
10 26
10 28
10 31
10 36
10 40
10 41
10 42
10 43
11 1
11 2
11 7
11 10
11 11
11 12
11 14
11 15
11 16
11 17
11 18
11 20
11 23
11 24
11 26
11 30
11 31
11 32
11 35
11 36
11 39
11 40
11 41
11 42
11 43
12 0
12 1
12 3
12 7
12 8
12 13
12 16
12 18
12 20
12 21
12 24
12 28
12 29
12 31
12 33
12 36
12 37
12 38
12 40
12 41
13 1
13 2
13 9
13 10
13 12
13 13
13 16
13 17
13 20
13 22
13 24
13 26
13 27
13 28
13 30
13 31
13 33
13 34
13 36
13 37
13 40
13 43
14 1
14 2
14 4
14 6
14 8
14 10
14 11
14 12
14 13
14 16
14 17
14 18
14 20
14 22
14 24
14 25
14 26
14 27
14 28
14 29
14 30
14 31
14 32
14 33
14 34
14 35
14 36
14 38
14 39
14 40
14 41
14 43
15 0
15 2
15 3
15 4
15 6
15 13
15 15
15 16
15 17
15 18
15 19
15 29
15 30
15 31
15 35
15 39
15 41
15 43
16 4
16 5
16 6
16 9
16 10
16 11
16 12
16 13
16 14
16 15
16 20
16 22
16 23
16 24
16 26
16 28
16 30
16 34
16 35
16 36
16 37
16 40
16 41
16 42
17 3
17 4
17 5
17 7
17 8
17 10
17 11
17 13
17 14
17 15
17 16
17 20
17 23
17 24
17 25
17 28
17 30
17 31
17 32
17 34
17 38
17 43
18 4
18 6
18 7
18 10
18 12
18 13
18 16
18 19
18 21
18 27
18 28
18 29
18 34
18 35
18 36
18 39
18 41
18 42
18 43
19 2
19 8
19 10
19 12
19 13
19 15
19 18
19 19
19 20
19 26
19 28
19 31
19 32
19 35
19 36
19 37
19 38
19 39
19 43
20 0
20 3
20 4
20 6
20 7
20 8
20 9
20 11
20 12
20 15
20 17
20 18
20 20
20 22
20 23
20 26
20 27
20 28
20 31
20 32
20 33
20 35
20 38
21 6
21 7
21 11
21 14
21 15
21 16
21 17
21 18
21 22
21 23
21 27
21 29
21 31
21 35
21 38
21 39
21 40
21 41
22 0
22 2
22 4
22 5
22 8
22 9
22 10
22 11
22 12
22 13
22 14
22 16
22 17
22 19
22 20
22 22
22 25
22 26
22 27
22 28
22 29
22 30
22 31
22 32
22 34
22 36
22 37
22 40
22 42
23 0
23 2
23 3
23 4
23 5
23 8
23 9
23 10
23 11
23 12
23 21
23 23
23 24
23 25
23 28
23 29
23 31
23 32
23 34
23 37
23 38
23 39
23 41
23 42
23 43
24 2
24 5
24 6
24 7
24 8
24 9
24 11
24 12
24 15
24 16
24 17
24 19
24 22
24 23
24 24
24 25
24 26
24 27
24 28
24 30
24 33
24 35
24 36
24 40
24 41
24 42
24 43
25 1
25 4
25 5
25 6
25 9
25 13
25 14
25 15
25 17
25 18
25 20
25 22
25 23
25 24
25 25
25 26
25 27
25 30
25 31
25 35
25 36
25 37
25 40
26 1
26 2
26 3
26 5
26 7
26 9
26 10
26 14
26 16
26 20
26 22
26 23
26 27
26 31
26 34
26 35
26 36
26 37
26 38
26 40
26 41
26 42
26 43
27 5
27 6
27 10
27 11
27 12
27 15
27 17
27 20
27 24
27 25
27 29
27 36
27 40
27 41
27 42
28 0
28 2
28 4
28 5
28 6
28 7
28 8
28 10
28 11
28 13
28 16
28 19
28 21
28 22
28 24
28 26
28 28
28 29
28 31
28 35
28 36
28 37
28 38
28 39
29 0
29 2
29 3
29 7
29 9
29 12
29 16
29 17
29 18
29 19
29 21
29 32
29 33
29 36
29 38
29 39
29 40
29 43
30 0
30 2
30 4
30 6
30 7
30 8
30 10
30 12
30 14
30 15
30 16
30 19
30 21
30 22
30 23
30 24
30 29
30 30
30 31
30 33
30 34
30 35
30 36
30 38
30 40
30 41
30 42
30 43
31 0
31 1
31 2
31 8
31 9
31 10
31 12
31 13
31 18
31 19
31 20
31 21
31 22
31 24
31 26
31 27
31 28
31 29
31 33
31 35
31 36
31 41
31 42
32 0
32 1
32 2
32 3
32 5
32 6
32 7
32 8
32 10
32 11
32 12
32 16
32 17
32 18
32 19
32 20
32 23
32 24
32 25
32 28
32 30
32 32
32 33
32 34
32 37
32 43
33 0
33 2
33 3
33 4
33 5
33 7
33 11
33 12
33 15
33 17
33 18
33 19
33 23
33 25
33 26
33 27
33 28
33 29
33 33
33 34
33 35
33 36
33 38
33 40
33 43
34 0
34 2
34 10
34 12
34 13
34 14
34 15
34 16
34 18
34 19
34 20
34 25
34 26
34 31
34 32
34 34
34 35
34 36
34 38
34 39
34 43
35 0
35 3
35 4
35 5
35 6
35 9
35 10
35 11
35 13
35 14
35 15
35 16
35 27
35 29
35 30
35 31
35 32
35 35
35 36
35 39
35 41
36 1
36 3
36 6
36 7
36 8
36 9
36 10
36 11
36 12
36 13
36 14
36 15
36 23
36 24
36 33
36 35
36 36
36 38
36 41
36 42
36 43
37 0
37 1
37 4
37 5
37 6
37 7
37 9
37 10
37 11
37 14
37 16
37 18
37 20
37 22
37 24
37 25
37 30
37 32
37 33
37 34
37 35
37 36
37 37
37 41
38 0
38 2
38 3
38 5
38 6
38 12
38 14
38 15
38 18
38 19
38 20
38 24
38 25
38 27
38 28
38 30
38 32
38 33
38 34
38 36
38 38
39 0
39 1
39 3
39 4
39 6
39 7
39 8
39 9
39 12
39 14
39 15
39 16
39 18
39 20
39 21
39 25
39 27
39 28
39 30
39 33
39 36
39 38
39 39
39 40
39 41
39 42
39 43
40 1
40 3
40 4
40 5
40 9
40 11
40 13
40 15
40 16
40 17
40 18
40 19
40 20
40 21
40 25
40 26
40 27
40 29
40 30
40 32
40 33
40 34
40 36
40 38
40 41
40 42
40 43
41 0
41 3
41 5
41 8
41 10
41 11
41 15
41 17
41 18
41 20
41 23
41 24
41 25
41 26
41 27
41 31
41 32
41 34
41 35
41 39
41 41
41 42
41 43
42 1
42 3
42 4
42 8
42 9
42 13
42 14
42 15
42 16
42 18
42 20
42 21
42 22
42 23
42 25
42 26
42 27
42 31
42 32
42 33
42 37
42 40
42 41
42 42
43 0
43 3
43 4
43 6
43 7
43 8
43 10
43 11
43 12
43 19
43 20
43 21
43 22
43 24
43 25
43 27
43 28
43 29
43 30
43 32
43 33
43 34
43 38
43 40
43 41
