1750
0 4
0 5
0 6
0 7
0 8
0 9
0 13
0 15
0 18
0 19
0 20
0 22
0 23
0 24
0 26
0 27
0 30
0 36
0 40
0 41
0 43
0 44
0 47
0 55
0 57
0 58
1 0
1 1
1 2
1 3
1 4
1 6
1 13
1 16
1 17
1 19
1 20
1 21
1 24
1 25
1 26
1 28
1 30
1 31
1 32
1 34
1 35
1 37
1 39
1 40
1 41
1 42
1 43
1 45
1 46
1 51
1 54
1 55
1 56
1 57
1 58
2 2
2 3
2 4
2 5
2 8
2 9
2 10
2 13
2 14
2 16
2 17
2 20
2 21
2 22
2 23
2 24
2 25
2 29
2 30
2 31
2 34
2 36
2 37
2 38
2 41
2 42
2 43
2 44
2 47
2 49
2 50
2 52
2 55
2 57
3 0
3 1
3 2
3 4
3 7
3 12
3 16
3 17
3 19
3 22
3 27
3 28
3 31
3 32
3 33
3 35
3 36
3 37
3 41
3 43
3 45
3 46
3 47
3 48
3 50
3 51
3 52
4 0
4 2
4 3
4 4
4 5
4 7
4 9
4 10
4 11
4 12
4 16
4 17
4 18
4 21
4 22
4 23
4 25
4 27
4 28
4 29
4 30
4 31
4 32
4 33
4 36
4 38
4 39
4 40
4 43
4 44
4 49
4 56
5 0
5 2
5 5
5 6
5 11
5 14
5 15
5 20
5 21
5 22
5 26
5 31
5 35
5 37
5 38
5 39
5 40
5 42
5 43
5 44
5 45
5 46
5 50
5 51
5 52
5 55
5 56
5 58
6 3
6 4
6 7
6 9
6 10
6 11
6 14
6 15
6 16
6 17
6 18
6 19
6 20
6 21
6 22
6 26
6 27
6 29
6 30
6 31
6 33
6 37
6 38
6 42
6 44
6 48
6 49
6 50
6 51
6 52
6 54
6 58
7 1
7 3
7 5
7 6
7 7
7 11
7 12
7 17
7 21
7 23
7 24
7 25
7 30
7 32
7 33
7 34
7 35
7 38
7 41
7 42
7 43
7 48
7 49
7 50
7 51
7 58
8 1
8 4
8 6
8 8
8 9
8 11
8 12
8 13
8 20
8 21
8 28
8 30
8 31
8 32
8 33
8 36
8 37
8 42
8 44
8 46
8 47
8 51
8 52
8 53
8 54
8 55
8 56
8 57
9 0
9 2
9 6
9 9
9 13
9 14
9 15
9 17
9 18
9 19
9 21
9 26
9 28
9 29
9 34
9 37
9 38
9 39
9 42
9 45
9 46
9 47
9 48
9 49
9 52
9 53
9 55
9 58
10 0
10 1
10 2
10 3
10 5
10 6
10 7
10 9
10 10
10 11
10 12
10 14
10 15
10 19
10 21
10 23
10 26
10 32
10 33
10 37
10 38
10 39
10 40
10 41
10 42
10 45
10 46
10 47
10 48
10 49
10 50
10 51
10 54
10 56
10 57
10 58
11 5
11 6
11 7
11 8
11 9
11 12
11 15
11 16
11 18
11 23
11 24
11 25
11 26
11 28
11 29
11 30
11 32
11 33
11 34
11 36
11 37
11 40
11 45
11 49
11 52
11 54
11 56
11 57
12 1
12 5
12 8
12 11
12 15
12 16
12 20
12 22
12 26
12 30
12 31
12 32
12 34
12 36
12 37
12 38
12 40
12 42
12 45
12 46
12 47
12 48
12 49
12 50
12 52
12 55
12 57
13 3
13 6
13 9
13 11
13 12
13 15
13 20
13 21
13 23
13 26
13 27
13 28
13 31
13 32
13 34
13 35
13 38
13 39
13 45
13 46
13 52
13 55
13 56
13 57
14 2
14 5
14 6
14 10
14 11
14 12
14 14
14 15
14 17
14 21
14 22
14 23
14 26
14 28
14 29
14 32
14 36
14 37
14 40
14 42
14 45
14 46
14 53
14 55
14 56
14 57
14 58
15 0
15 4
15 5
15 8
15 9
15 10
15 13
15 14
15 20
15 23
15 25
15 26
15 27
15 29
15 30
15 31
15 32
15 33
15 35
15 36
15 38
15 40
15 48
15 49
15 50
15 53
15 54
15 55
15 58
16 0
16 1
16 4
16 5
16 6
16 7
16 8
16 9
16 10
16 11
16 18
16 21
16 25
16 26
16 28
16 29
16 34
16 35
16 36
16 38
16 39
16 40
16 41
16 43
16 44
16 46
16 49
16 51
16 52
16 56
17 0
17 1
17 3
17 6
17 7
17 8
17 9
17 10
17 11
17 15
17 18
17 21
17 23
17 25
17 27
17 28
17 29
17 32
17 33
17 34
17 35
17 36
17 44
17 45
17 47
17 48
17 50
17 53
17 55
17 57
17 58
18 0
18 1
18 2
18 7
18 8
18 9
18 10
18 12
18 13
18 14
18 15
18 17
18 20
18 21
18 22
18 23
18 31
18 35
18 38
18 40
18 42
18 43
18 45
18 46
18 49
18 50
18 53
18 54
18 56
18 58
19 0
19 6
19 7
19 9
19 10
19 11
19 12
19 13
19 14
19 15
19 16
19 18
19 21
19 23
19 24
19 25
19 26
19 27
19 28
19 31
19 32
19 33
19 34
19 35
19 40
19 47
19 49
19 52
19 53
19 54
19 57
19 58
20 1
20 2
20 4
20 5
20 7
20 13
20 15
20 18
20 20
20 22
20 23
20 26
20 27
20 28
20 29
20 31
20 32
20 34
20 37
20 38
20 39
20 40
20 42
20 44
20 45
20 46
20 47
20 48
20 49
20 50
20 53
20 54
20 55
20 56
20 57
20 58
21 0
21 1
21 6
21 7
21 8
21 9
21 11
21 12
21 15
21 17
21 19
21 20
21 22
21 24
21 27
21 34
21 35
21 36
21 39
21 40
21 41
21 42
21 43
21 45
21 48
21 50
21 51
21 54
21 55
21 57
22 1
22 3
22 4
22 5
22 6
22 8
22 11
22 13
22 14
22 15
22 19
22 21
22 25
22 29
22 32
22 34
22 37
22 39
22 40
22 41
22 42
22 43
22 44
22 45
22 46
22 47
22 49
22 50
22 52
22 53
22 57
23 1
23 3
23 4
23 6
23 7
23 9
23 10
23 13
23 14
23 21
23 24
23 26
23 27
23 28
23 29
23 32
23 35
23 36
23 41
23 42
23 43
23 45
23 48
23 50
23 51
23 53
23 54
23 56
23 57
24 2
24 8
24 10
24 11
24 12
24 14
24 17
24 19
24 20
24 21
24 22
24 23
24 27
24 29
24 30
24 33
24 35
24 36
24 38
24 40
24 42
24 46
24 47
24 48
24 49
24 50
24 51
24 52
24 53
24 54
24 55
24 57
25 0
25 1
25 2
25 3
25 7
25 8
25 9
25 11
25 12
25 13
25 14
25 18
25 19
25 20
25 23
25 24
25 26
25 27
25 28
25 33
25 34
25 35
25 36
25 37
25 39
25 40
25 48
25 50
25 52
25 54
25 56
26 1
26 3
26 4
26 5
26 6
26 7
26 10
26 11
26 12
26 14
26 17
26 24
26 25
26 29
26 30
26 32
26 33
26 35
26 36
26 41
26 42
26 44
26 45
26 46
26 47
26 51
26 54
26 56
26 58
27 4
27 5
27 6
27 9
27 11
27 13
27 15
27 16
27 21
27 22
27 23
27 24
27 25
27 26
27 27
27 30
27 35
27 37
27 39
27 40
27 41
27 42
27 43
27 45
27 46
27 47
27 48
27 49
27 50
27 51
27 57
28 1
28 4
28 6
28 7
28 8
28 9
28 12
28 13
28 16
28 19
28 21
28 22
28 25
28 27
28 28
28 30
28 31
28 35
28 38
28 41
28 42
28 46
28 47
28 48
28 54
28 57
28 58
29 2
29 3
29 5
29 8
29 9
29 10
29 11
29 15
29 17
29 20
29 23
29 25
29 28
29 30
29 32
29 33
29 34
29 35
29 36
29 38
29 39
29 42
29 45
29 46
29 54
29 55
29 58
30 2
30 4
30 6
30 9
30 10
30 11
30 12
30 13
30 14
30 15
30 16
30 21
30 23
30 24
30 25
30 29
30 30
30 31
30 32
30 36
30 38
30 42
30 45
30 48
30 49
30 50
30 51
30 52
30 53
30 55
31 0
31 1
31 5
31 7
31 9
31 11
31 13
31 14
31 15
31 19
31 21
31 22
31 23
31 24
31 25
31 27
31 29
31 30
31 31
31 33
31 35
31 38
31 42
31 43
31 46
31 48
31 49
31 51
31 53
31 56
31 57
32 2
32 4
32 9
32 12
32 13
32 14
32 17
32 18
32 19
32 21
32 26
32 28
32 32
32 36
32 39
32 48
32 49
32 54
32 56
32 57
32 58
33 0
33 2
33 4
33 6
33 9
33 10
33 14
33 16
33 18
33 23
33 25
33 26
33 29
33 31
33 33
33 35
33 37
33 38
33 43
33 47
33 51
33 54
33 55
33 56
33 57
33 58
34 1
34 2
34 4
34 5
34 9
34 10
34 11
34 12
34 13
34 14
34 18
34 20
34 22
34 23
34 26
34 27
34 32
34 33
34 35
34 38
34 40
34 41
34 42
34 43
34 46
34 48
34 49
34 54
34 56
35 1
35 2
35 3
35 5
35 9
35 10
35 14
35 15
35 16
35 17
35 18
35 20
35 30
35 32
35 34
35 35
35 36
35 37
35 38
35 41
35 42
35 43
35 44
35 46
35 52
35 53
35 56
35 57
36 0
36 1
36 2
36 5
36 6
36 7
36 8
36 10
36 11
36 12
36 13
36 14
36 15
36 16
36 22
36 23
36 24
36 25
36 30
36 36
36 40
36 44
36 45
36 47
36 48
36 50
36 51
36 55
36 56
37 2
37 6
37 7
37 8
37 11
37 12
37 13
37 14
37 15
37 18
37 19
37 20
37 25
37 26
37 27
37 29
37 31
37 33
37 36
37 39
37 40
37 43
37 44
37 47
37 51
37 52
37 54
38 1
38 7
38 14
38 15
38 19
38 23
38 26
38 28
38 29
38 30
38 31
38 33
38 36
38 38
38 42
38 43
38 45
38 46
38 48
38 49
38 51
38 53
38 54
38 57
38 58
39 0
39 1
39 3
39 6
39 7
39 10
39 12
39 15
39 16
39 17
39 18
39 19
39 23
39 24
39 26
39 27
39 29
39 30
39 31
39 34
39 36
39 37
39 38
39 40
39 42
39 44
39 46
39 48
39 50
39 51
39 53
39 54
39 56
39 57
39 58
40 2
40 4
40 6
40 9
40 10
40 11
40 12
40 15
40 17
40 18
40 19
40 20
40 22
40 23
40 24
40 27
40 29
40 30
40 33
40 34
40 36
40 38
40 39
40 40
40 41
40 42
40 46
40 47
40 48
40 50
40 51
40 53
40 55
40 56
41 2
41 3
41 6
41 9
41 12
41 13
41 14
41 15
41 18
41 20
41 21
41 23
41 24
41 25
41 31
41 33
41 37
41 40
41 41
41 42
41 44
41 45
41 46
41 47
41 48
41 49
41 50
41 51
41 53
41 54
41 57
41 58
42 4
42 5
42 6
42 8
42 10
42 11
42 12
42 15
42 17
42 19
42 20
42 22
42 23
42 24
42 25
42 28
42 29
42 33
42 35
42 36
42 37
42 39
42 42
42 43
42 45
42 49
42 50
42 52
42 54
42 57
42 58
43 4
43 5
43 10
43 11
43 14
43 17
43 22
43 24
43 25
43 31
43 32
43 35
43 36
43 37
43 39
43 43
43 44
43 45
43 48
43 50
43 58
44 2
44 4
44 5
44 6
44 7
44 9
44 11
44 12
44 13
44 14
44 15
44 16
44 17
44 18
44 19
44 20
44 22
44 23
44 25
44 27
44 28
44 30
44 31
44 32
44 33
44 34
44 35
44 36
44 37
44 40
44 41
44 43
44 48
44 52
44 54
44 55
45 2
45 4
45 5
45 6
45 7
45 8
45 9
45 13
45 15
45 18
45 21
45 25
45 26
45 27
45 28
45 29
45 30
45 31
45 35
45 37
45 40
45 44
45 45
45 47
45 48
45 50
45 51
45 53
45 54
45 55
45 57
45 58
46 0
46 3
46 4
46 10
46 11
46 16
46 17
46 20
46 21
46 23
46 24
46 28
46 30
46 31
46 33
46 35
46 37
46 40
46 41
46 42
46 44
46 46
46 47
46 48
46 51
46 53
47 1
47 2
47 3
47 6
47 8
47 10
47 12
47 14
47 15
47 16
47 17
47 22
47 25
47 26
47 32
47 36
47 38
47 39
47 42
47 43
47 45
47 47
47 48
47 51
47 52
47 53
47 54
47 55
47 58
48 2
48 6
48 8
48 10
48 11
48 12
48 14
48 16
48 17
48 18
48 20
48 23
48 24
48 26
48 27
48 31
48 33
48 34
48 35
48 36
48 38
48 39
48 40
48 44
48 45
48 51
48 53
48 55
48 56
48 57
48 58
49 1
49 2
49 3
49 5
49 7
49 9
49 15
49 17
49 21
49 27
49 28
49 29
49 31
49 34
49 35
49 39
49 41
49 44
49 45
49 49
49 51
49 52
49 53
49 55
49 56
49 57
49 58
50 0
50 1
50 3
50 4
50 5
50 6
50 7
50 10
50 14
50 15
50 17
50 20
50 21
50 23
50 25
50 26
50 27
50 31
50 32
50 34
50 39
50 40
50 42
50 46
50 47
50 48
50 49
50 50
50 52
50 55
51 0
51 4
51 6
51 12
51 13
51 15
51 16
51 17
51 18
51 19
51 23
51 24
51 28
51 29
51 31
51 32
51 33
51 34
51 35
51 38
51 40
51 41
51 42
51 44
51 50
51 51
51 52
51 55
51 56
51 57
52 1
52 2
52 9
52 10
52 11
52 12
52 13
52 16
52 17
52 21
52 24
52 25
52 26
52 27
52 28
52 30
52 31
52 32
52 35
52 38
52 43
52 44
52 47
52 49
52 50
52 51
52 52
52 55
52 56
52 57
52 58
53 0
53 2
53 3
53 7
53 10
53 11
53 12
53 14
53 15
53 16
53 20
53 21
53 24
53 28
53 29
53 36
53 37
53 39
53 40
53 42
53 44
53 45
53 48
53 50
53 51
53 54
53 57
53 58
54 0
54 1
54 2
54 4
54 5
54 6
54 8
54 10
54 12
54 14
54 15
54 16
54 19
54 21
54 22
54 24
54 25
54 27
54 28
54 30
54 31
54 33
54 36
54 37
54 38
54 39
54 40
54 41
54 42
54 45
54 50
54 51
55 0
55 3
55 6
55 7
55 8
55 9
55 14
55 16
55 20
55 21
55 23
55 27
55 29
55 30
55 31
55 32
55 33
55 36
55 37
55 38
55 39
55 40
55 43
55 46
55 47
55 48
55 49
55 50
55 51
55 52
55 55
55 56
55 57
56 0
56 1
56 6
56 7
56 8
56 9
56 12
56 13
56 14
56 16
56 17
56 18
56 21
56 23
56 24
56 26
56 28
56 29
56 30
56 32
56 33
56 34
56 38
56 41
56 42
56 43
56 49
56 50
56 51
56 53
56 56
56 57
57 1
57 2
57 3
57 5
57 6
57 7
57 8
57 9
57 11
57 14
57 15
57 16
57 18
57 19
57 20
57 22
57 23
57 24
57 25
57 28
57 29
57 30
57 34
57 36
57 37
57 40
57 46
57 48
57 51
57 53
57 57
57 58
58 4
58 7
58 9
58 10
58 11
58 12
58 13
58 14
58 15
58 16
58 17
58 20
58 21
58 23
58 24
58 26
58 30
58 32
58 33
58 39
58 46
58 47
58 48
58 49
58 53
58 54
58 55
58 57
58 58
