50 50
80996517352068402710716955819750006530462914249142
29946566115409940772985277418958700100192664057892
39613612939190919957122540502037599723533198693560
95315061917336519082037083226480455979709887846820
15472317572958532177654008823321761223259255429059
38086114181655225862919474653088742441142658713131
90760824965865445779356210664425890995578207624018
32121144736577662208829285160696951727995551344143
99180074567775331337451478534746228157435065794152
02620765604157386724828668489495213300886399940624
51772238261458133196032764196916942594773748976470
83903002778090568705597337502162468726012817069222
89640818921590161399447384938199043858540784585064
41493838097747419703928241474474146522907641631178
24958986826827800233252741387531622006099930976935
65881407021220393641804684410186685153270452790047
41124697428948841353648480147586788438586663120753
48523921217089875070459460439835703097991364220690
28308402342069729689213579315412826785289282176809
27768444655087094982753235538804500886125807167863
85557627028690178470916908298143979432385415619261
94953391888336543628102717275423831044341599646626
15522201014817660648953654300412209441868324094850
21289661875949184956429606317361918005928751706881
22801459681542615966936168874892161552505050250138
92858778419819455440531326990073921223873634919955
41434741891835024029680320113273033669271942712374
11161507077343084836595175497154100901564069081651
58878590803544939328840696233528481120982923714460
56542803717033184117428076627331191640248652964564
42315231494808831928399534838649558236612886828757
37348199461270593078422391491272791039638833010667
25242075296571592657726710140442960818636918204778
57614917645281138263065510189667833598490491428352
83380729100950033634176552324670811963663506218171
85286776829390510340502261381498432475399066929462
50381591536837681225849668411082375335586245625464
03887578900604598494564868613572224113511530369867
90254011180473230377917872287933574253975278804264
40377047050905800779007807628359383218772827777080
64979935643106935280560460529624484095277669401155
05946536347065382626532271488051333177838829590928
55049311317089882407154800185707470712821181283409
27230871157745709087002398038469448870378397773175
71689459658083117636584422340817992395947314932744
51830169651683471506912889006980251493990522319826
87522801025293910752009235137284720080008174240261
71795975098474991771605210359742195768485290053254
44499609559475708962384577009253435400071258897256
35995015623517948990420018550299638949803472517533
