5
42 10 63 4 19
65 31 20 17 12
87 3 0 90 84
2 85 47 77 24
80 54 67 82 33
56 29 13 64 18
41 9 36 58 81
3 86 0 5 68
60 1 7 30 70
62 57 12 24 54
6 20 84 79 7
66 27 28 32 65
81 5 0 38 70
53 48 11 83 52
73 47 21 54 86
57 87 20 67 16
17 79 11 12 21
15 48 0 52 66
58 63 3 69 86
60 51 18 71 9
34 2 32 24 64
63 26 11 10 30
8 56 0 50 65
17 27 59 66 1
46 86 84 44 43
58 27 7 69 40 72 16 47 10 78 48 42 23 41 6 36 50 43 4 70 34 83 77 5 9 8 15 20 21 75 51 59 89 60 18 71 24 80 35 3 1 39 79 14 84 32 2 63 29 22 55 57 76 82 65 45 17 12 30 73 64 19 25 28 46 86 44 85 67 81 54 11 88 52 66 31 90 68 61 49 37 26 87 13 62 38 53 74 33 56
