25
87 27 42 78 9
2 89 81 58 61
28 10 0 25 56
46 79 8 50 13
70 35 20 1 33
66 52 41 27 67
50 8 23 84 15
60 86 0 12 9
42 90 83 80 53
22 44 18 48 3
53 48 22 78 66
26 38 40 31 21
69 2 0 62 19
13 5 77 84 70
28 11 41 14 46
73 49 79 2 6
60 37 84 21 77
62 44 0 11 64
12 82 51 50 55
25 15 17 68 85
67 26 13 8 85
48 68 32 87 33
25 38 0 37 82
52 73 6 56 90
50 54 71 81 49
43 65 48 79 1
59 89 7 86 54
50 53 0 87 31
35 85 18 25 14
12 75 77 62 29
67 49 27 4 90
25 58 21 8 32
57 39 0 30 87
78 69 73 10 26
56 55 36 46 64
60 29 12 37 5
15 88 61 30 20
16 28 0 46 53
62 63 14 78 77
59 69 50 18 65
33 2 56 53 4
12 13 72 30 31
87 46 0 74 3
18 59 69 1 68
62 42 27 38 50
78 86 11 12 37
5 4 49 36 57
18 8 0 46 17
22 66 31 75 60
90 41 81 65 88
15 41 61 35 53
85 21 75 9 70
90 59 0 24 12
73 60 87 11 37
63 83 81 78 86
52 62 34 14 29
21 17 48 63 41
72 1 0 81 9
51 75 67 78 71
36 85 55 42 5
50 42 63 7 39
60 14 66 56 62
8 3 0 86 26
87 18 35 30 36
72 28 51 9 80
12 9 76 82 89
20 64 1 70 13
22 68 0 45 33
32 85 84 83 41
74 18 50 25 15
61 67 89 33 74
86 31 75 23 36
88 7 0 24 73
27 66 41 80 5
56 87 38 16 35
8 72 61 40 76
10 37 90 79 85
49 2 0 47 46
57 15 77 9 68
60 28 11 56 33
37 78 48 15 41
86 66 49 22 27
77 46 0 31 50
29 7 72 10 88
20 90 5 1 12
65 44 56 58 42
8 1 77 7 31
61 74 0 26 63
78 22 29 33 54
43 55 68 50 9
21 16 82 66 38
47 61 72 60 35
39 31 0 9 41
19 59 24 44 63
34 33 69 73 62
70 12 38 13 32
78 30 41 69 77
16 8 0 19 10
55 82 73 89 24
75 2 39 25 65
78 38 9 5 59
35 24 28 48 10
80 31 0 55 4
79 17 88 8 43
15 82 90 63 46
90 50 29 31 39
6 54 5 89 69
62 4 0 51 66
32 23 81 64 10
84 49 75 86 76
42 81 71 22 64
46 9 32 13 36
65 31 0 88 10
4 26 56 25 18
38 59 67 21 24
53 27 41 65 33
45 87 16 74 73
26 23 0 63 38
30 57 83 84 20
60 75 58 50 69
64 5 22 4 1
40 83 73 69 51
85 88 0 43 13
79 31 3 55 41
30 10 29 34 57
69 85 49 15 54 72 83 84 70 73 76 30 71 77 36 57 41 7 32 52 48 23 4 63 9 50 16 90 37 34 62 21 61 45 74 47 14 44 81 27 38 87 58 40 79 2 10 68 56 20 89 51 59 8 75 66 29 19 31 53 78 13 86 12 26 80 35 25 33 46 3 43 22 17 1 42 65 88 28 24 82 67 39 60 64 5 11 6 18 55
