999
332 384
676 951
354 666
390 834
678 253
374 893
344 153
73 915
49 869
183 387
731 426
257 716
242 255
134 553
999 798
845 360
817 102
485 619
522 520
104 29
775 906
892 40
505 575
498 844
370 46
819 472
773 571
614 799
187 234
710 971
198 600
327 558
189 172
280 189
169 175
958 258
629 84
414 994
927 600
916 30
655 390
600 901
27 955
525 709
188 177
526 769
737 379
706 501
154 211
710 559
51 748
122 546
675 843
489 591
722 854
807 893
601 651
363 918
532 263
885 812
852 745
761 671
673 496
196 982
537 38
676 626
747 353
364 678
642 288
292 2
702 5
317 922
354 451
789 480
352 569
531 681
917 710
841 334
390 608
411 189
358 195
427 562
807 406
258 610
404 783
437 434
310 481
659 338
331 998
48 493
137 211
127 531
475 819
855 358
308 471
536 317
815 372
16 740
479 132
422 81
749 803
126 400
891 221
339 381
122 526
284 729
49 117
5 241
180 933
945 901
961 5
954 122
333 953
951 436
199 429
554 474
47 826
148 624
719 201
479 279
409 477
753 131
273 760
538 836
522 817
984 48
614 854
889 867
285 984
813 833
93 464
273 537
368 920
574 760
717 849
601 819
182 895
692 243
977 32
899 49
935 319
789 166
905 659
274 614
12 964
339 279
272 475
780 333
824 831
422 775
65 460
413 978
115 357
423 204
631 6
771 299
246 149
293 969
867 911
351 100
625 568
789 133
968 829
916 734
691 615
890 505
18 978
454 978
147 695
62 766
289 667
70 238
796 462
758 959
315 294
415 20
542 521
57 314
610 794
376 379
618 478
694 151
951 197
126 723
941 283
464 935
522 273
245 305
417 968
465 534
484 971
586 123
80 503
830 385
211 92
143 144
581 56
820 911
85 534
390 270
268 743
613 281
176 600
303 634
670 798
120 49
668 548
98 245
417 527
455 177
927 916
647 575
232 688
965 486
461 913
304 439
172 740
220 534
92 131
518 984
348 33
83 58
991 921
178 630
419 479
914 29
898 40
397 440
823 200
974 56
493 868
780 706
473 530
946 522
415 158
820 623
184 916
187 847
498 528
563 218
865 595
211 746
126 469
109 315
878 388
847 828
659 981
366 130
334 708
482 568
979 337
262 792
552 670
420 333
495 859
571 198
348 336
204 174
176 786
895 3
680 289
679 204
534 988
166 395
254 841
152 422
683 485
901 163
17 324
867 405
312 425
103 644
227 203
941 895
742 963
797 687
730 237
194 268
365 516
16 948
806 273
387 879
157 43
772 415
97 211
327 521
117 475
797 919
625 959
793 267
308 564
378 230
743 893
910 7
309 957
606 43
541 398
37 734
447 118
176 316
302 844
887 225
978 956
400 927
907 756
600 547
86 818
513 361
482 745
535 692
285 749
960 281
49 622
588 244
805 80
46 838
714 916
747 264
39 716
578 390
616 840
46 740
536 901
519 386
955 712
846 926
787 76
303 395
726 647
264 132
637 172
896 964
432 53
475 492
700 58
430 19
965 848
433 211
630 52
601 693
410 909
914 849
64 649
914 429
672 499
36 491
751 565
538 943
887 136
616 902
335 674
26 548
747 654
606 678
59 457
543 822
885 695
498 17
125 884
658 822
93 460
349 580
175 592
975 421
205 227
107 334
141 156
517 580
445 987
548 732
418 99
585 943
914 877
909 668
292 944
937 618
580 252
463 750
965 657
884 653
629 321
487 208
673 534
306 893
366 166
784 751
927 950
579 87
967 817
987 642
938 508
59 583
935 663
708 588
950 136
711 923
44 875
602 429
307 243
325 735
436 870
856 298
265 561
531 180
929 332
611 602
916 770
646 45
5 917
734 500
965 308
349 765
377 707
310 642
78 53
726 467
992 462
55 49
27 866
16 705
901 707
279 733
164 36
600 531
269 986
332 700
218 994
186 691
479 710
223 166
161 85
1 895
975 175
715 121
406 251
227 882
26 479
624 892
783 808
167 416
40 27
177 910
643 982
925 735
9 265
101 35
336 570
701 256
303 354
311 177
642 415
357 584
961 393
277 466
831 444
41 578
740 28
995 516
357 594
873 243
977 503
289 533
978 537
276 133
886 750
36 701
795 54
933 337
698 669
586 827
672 797
695 62
489 338
53 781
4 88
899 757
34 333
769 548
697 723
487 122
305 662
600 177
246 159
357 784
243 856
231 927
862 231
76 77
600 648
395 204
42 233
341 31
523 244
506 675
13 683
442 847
72 754
342 492
260 386
970 40
850 386
367 945
872 795
454 541
861 257
761 730
179 425
431 740
529 769
743 790
477 35
273 600
708 628
680 395
554 451
780 24
528 267
110 534
453 488
156 265
122 68
637 763
197 328
664 739
286 438
100 871
524 139
504 895
851 179
901 618
130 372
683 50
768 636
470 578
911 677
779 680
547 951
647 355
788 595
736 642
788 422
459 218
629 74
475 301
864 451
910 814
330 203
338 466
999 676
395 441
769 507
267 880
588 329
119 816
982 776
939 739
246 387
678 884
913 486
539 75
91 61
191 447
386 218
353 875
497 151
247 603
785 412
638 980
914 889
246 586
978 575
799 383
6 413
509 357
625 921
428 673
305 304
891 996
458 142
987 550
516 91
156 159
468 769
771 784
774 740
511 715
699 254
946 8
662 177
689 970
853 588
326 299
426 855
765 233
100 322
810 322
90 949
701 532
177 569
294 160
765 600
212 386
971 650
624 725
157 724
95 984
687 738
756 97
980 728
897 491
594 494
589 600
124 80
716 341
357 893
23 337
435 413
11 551
657 684
577 238
551 531
140 415
696 962
63 895
192 781
218 91
863 516
227 338
974 646
170 305
226 240
401 178
363 830
605 298
955 997
625 889
266 819
888 771
937 191
394 279
247 146
60 43
451 791
247 137
157 185
970 296
389 824
129 594
554 235
379 47
279 318
103 339
435 430
796 138
912 569
320 99
816 630
802 835
290 456
945 458
966 770
356 213
151 211
252 560
297 682
635 739
231 842
34 94
433 683
309 759
867 658
831 642
821 920
645 285
204 79
857 532
61 685
972 181
976 668
822 830
883 924
182 785
551 200
52 15
450 415
197 821
202 86
990 965
638 746
721 871
134 53
199 748
605 768
206 293
151 358
975 424
893 856
333 927
22 893
923 484
857 690
553 359
358 940
615 612
640 343
709 988
544 345
291 668
705 778
604 299
550 649
746 542
808 900
111 266
231 369
680 271
175 204
806 656
914 350
189 914
593 564
58 362
250 404
662 599
950 739
916 534
106 403
587 874
157 171
789 446
437 924
75 99
56 492
633 742
886 947
716 647
973 62
840 167
90 757
382 97
315 901
117 108
740 106
881 615
54 287
177 27
797 153
601 464
479 338
460 989
736 273
453 609
88 527
19 69
771 221
295 692
899 998
390 226
151 927
238 101
618 588
34 242
540 680
688 502
962 498
492 100
338 978
621 983
591 928
262 472
758 515
207 569
400 404
213 911
911 453
686 9
765 735
600 883
165 16
66 675
788 82
627 355
128 887
396 433
522 597
682 616
729 122
174 952
886 360
678 665
596 384
305 145
660 971
263 914
43 360
483 616
629 805
620 426
548 124
11 190
740 440
189 87
449 415
692 572
49 800
971 931
767 823
3 162
948 762
951 555
352 641
214 477
752 843
413 345
969 664
930 865
903 411
371 520
193 805
713 95
537 788
361 989
801 874
237 734
652 59
508 726
600 932
572 14
54 950
115 340
324 832
315 216
288 392
180 300
661 548
153 217
630 978
801 135
860 523
408 926
248 282
639 150
760 744
76 151
858 45
804 145
570 555
537 889
290 988
866 379
680 454
719 405
170 388
476 150
847 360
702 173
691 942
245 557
916 390
264 799
589 688
704 597
683 73
10 705
335 607
218 89
746 840
833 626
21 574
378 867
190 224
556 599
155 213
333 567
153 117
332 965
166 114
215 237
582 512
727 16
333 908
934 453
895 454
43 510
282 750
955 598
85 904
50 150
632 951
107 530
615 126
67 127
259 855
261 995
418 771
211 332
573 484
159 399
151 475
720 32
528 576
910 986
500 292
427 586
755 404
545 665
551 236
742 824
566 782
181 433
985 352
524 93
417 360
549 1
332 275
760 323
113 635
168 691
228 720
143 126
145 105
313 511
741 573
974 957
811 358
159 492
867 776
407 289
490 720
512 651
964 132
265 837
859 464
642 876
335 916
151 357
590 152
249 541
885 537
575 0
116 462
229 77
459 96
640 746
839 798
210 615
893 498
754 970
112 608
993 300
71 239
28 373
430 375
455 926
764 257
983 748
233 347
66 492
86 395
781 453
209 322
219 929
942 777
396 516
895 782
669 436
71 680
514 830
532 59
346 722
703 330
230 380
715 204
555 25
43 662
278 494
402 186
975 443
452 793
894 556
409 479
676 617
718 630
835 746
448 548
27 587
917 462
222 124
905 391
50 825
748 960
433 809
57 650
585 776
438 122
532 425
510 936
658 285
227 258
