999
538 713
922 632
384 364
900 541
530 708
571 31
435 489
283 97
837 439
297 445
631 38
336 740
634 334
842 153
325 812
971 129
481 514
129 413
182 529
439 92
885 355
533 974
646 497
991 702
298 673
450 760
4 748
505 434
228 680
866 206
346 399
261 438
351 28
152 282
71 585
918 66
892 652
507 859
202 706
745 227
500 677
642 231
929 684
695 238
977 441
419 400
163 248
576 552
886 698
61 135
535 891
60 620
834 24
946 777
299 453
724 786
134 409
256 0
334 256
224 60
743 753
518 797
117 791
618 575
519 118
948 699
597 297
906 584
868 352
824 494
601 169
15 414
741 922
475 583
362 833
148 19
268 133
982 217
264 537
357 495
84 110
296 207
199 723
933 333
78 444
786 228
177 496
8 996
562 127
962 864
940 752
725 836
890 941
173 789
904 750
140 775
708 349
108 574
456 886
149 877
635 553
651 29
908 288
323 666
717 284
352 717
797 703
964 747
534 225
122 940
37 429
526 901
737 182
408 630
322 426
999 34
932 421
520 906
404 20
729 107
290 894
468 567
590 224
572 897
670 978
233 571
901 155
332 368
994 503
101 367
464 820
513 951
192 122
485 451
222 947
248 804
386 377
187 948
253 234
249 807
453 210
820 839
662 634
398 623
619 343
157 142
705 385
625 200
135 326
172 615
100 744
894 220
910 384
458 50
207 147
871 366
488 890
669 939
436 572
2 57
379 387
955 476
586 79
94 433
965 987
888 719
923 930
784 898
936 755
692 916
496 691
502 454
491 265
706 736
561 660
912 51
972 59
652 328
550 270
860 132
980 255
812 291
186 867
113 865
584 137
474 156
267 163
853 566
30 971
270 91
188 314
577 419
679 912
218 536
381 664
775 437
422 52
400 376
869 570
746 21
118 309
329 308
258 310
449 720
255 16
162 821
924 883
748 247
656 654
629 440
501 357
257 905
523 280
402 765
807 781
654 773
836 410
393 858
503 267
996 424
445 473
628 954
179 72
607 470
105 532
950 41
718 997
204 323
676 611
476 369
511 578
425 78
521 663
559 287
795 75
18 487
457 170
637 103
327 573
879 395
771 106
168 510
217 734
602 85
266 358
213 275
52 223
769 700
307 928
363 239
43 221
713 6
675 732
907 394
575 661
139 86
47 87
623 556
331 675
856 911
630 524
884 960
560 390
632 340
197 980
988 609
600 788
861 802
887 372
294 558
595 658
614 597
736 511
655 722
399 982
858 383
142 140
123 175
99 548
167 77
345 128
867 899
25 896
77 737
677 868
462 218
554 937
312 361
704 22
658 860
95 321
81 216
770 598
360 816
170 908
796 642
788 242
969 516
64 944
392 241
127 198
340 335
417 249
633 528
814 458
364 278
311 304
490 953
455 306
539 543
803 396
733 559
531 554
319 733
583 226
532 530
494 670
663 185
589 472
169 311
764 800
544 322
348 94
978 756
368 136
566 498
648 262
141 715
516 770
667 793
227 903
347 963
5 290
79 550
235 596
287 819
806 526
56 830
382 464
641 119
131 577
792 902
508 949
610 933
70 370
300 936
791 618
371 636
874 299
470 353
130 235
808 780
826 55
403 214
155 749
185 90
98 93
487 754
88 957
262 849
166 277
469 388
50 318
685 448
951 563
674 851
735 5
580 607
578 844
779 925
543 606
326 244
459 841
62 746
38 294
44 705
463 157
755 533
374 738
420 653
952 608
324 109
715 588
83 117
437 36
176 985
930 62
34 263
137 501
666 305
40 471
849 268
45 179
963 509
9 80
897 852
86 795
175 381
7 869
211 474
693 519
292 61
843 428
827 961
664 161
376 289
126 637
286 991
467 402
873 814
913 741
799 769
63 131
153 505
246 774
359 65
905 411
234 735
568 921
87 203
985 924
306 403
919 531
11 764
41 689
540 761
615 330
689 285
251 831
772 959
911 724
254 828
397 116
313 682
726 796
711 14
317 956
498 834
672 121
373 412
570 962
318 641
944 995
344 1
492 757
777 602
389 483
852 931
353 455
35 124
903 538
537 269
594 125
309 694
57 466
877 158
564 946
891 215
444 430
293 968
774 341
96 154
102 557
171 260
230 595
694 811
780 938
263 479
247 150
471 449
506 300
409 274
279 166
252 186
285 251
396 211
466 794
310 102
740 120
159 313
250 876
649 338
935 259
446 12
627 44
478 610
846 964
416 172
753 371
193 792
960 846
314 932
10 149
727 189
857 983
738 565
976 257
995 391
209 360
512 888
878 601
609 998
154 904
156 192
880 273
822 54
966 787
509 56
817 758
953 919
355 679
645 685
761 397
638 317
48 534
461 382
687 70
789 697
0 862
284 208
271 965
825 194
428 293
968 842
499 53
291 835
624 392
220 375
941 229
174 855
591 243
744 952
525 874
926 893
732 422
107 745
596 331
366 551
671 560
277 389
29 362
872 205
160 693
26 805
330 342
768 721
196 622
388 499
21 714
454 416
644 882
112 619
120 625
58 825
731 743
451 236
850 190
776 672
719 635
617 201
28 626
581 988
665 508
54 861
703 638
831 866
626 64
365 871
883 193
161 283
212 569
316 943
830 144
957 986
90 181
870 629
558 790
361 587
145 884
426 994
758 261
767 204
781 37
556 35
984 500
875 910
278 878
557 134
859 442
438 950
427 628
46 295
12 549
754 123
191 312
231 973
659 48
606 726
714 151
431 26
410 481
680 966
205 461
19 671
395 354
921 272
916 879
85 111
517 539
180 856
785 431
989 2
150 281
103 568
639 892
421 171
215 923
690 11
31 8
716 603
269 74
605 126
587 613
696 88
201 633
243 914
183 348
320 817
805 917
441 336
350 130
678 162
661 488
876 84
848 40
208 656
931 337
181 329
818 141
447 555
210 512
442 848
341 320
829 27
710 692
778 624
749 25
882 327
114 989
289 690
612 785
486 710
588 491
178 253
722 237
367 704
548 873
13 592
979 502
893 459
337 716
434 612
864 975
226 854
514 981
482 674
411 527
109 219
440 108
36 913
819 95
981 645
151 668
124 7
833 725
553 363
585 359
909 783
804 915
579 523
240 212
914 101
599 907
69 148
82 202
604 477
815 880
74 292
221 798
750 104
110 579
927 614
20 344
896 184
528 325
902 250
206 386
698 42
6 544
765 46
643 561
73 47
762 82
53 676
515 639
961 967
236 480
391 678
937 393
301 58
223 657
339 423
342 146
92 199
358 843
751 18
136 782
787 590
424 315
551 245
504 417
378 345
841 942
611 407
545 507
104 71
432 643
794 857
510 307
128 900
429 9
811 351
650 138
998 813
68 191
970 837
281 651
465 920
783 456
143 701
430 621
723 667
370 772
49 972
997 233
816 580
144 594
375 405
260 15
986 895
55 582
194 176
369 535
810 728
835 45
280 443
405 662
582 460
793 648
477 23
295 992
800 462
76 415
742 711
394 616
798 739
282 599
702 258
315 688
832 165
760 67
992 779
242 521
489 301
524 187
920 49
116 10
790 763
925 881
845 303
237 164
763 778
132 467
552 222
343 767
881 659
3 546
684 83
72 803
720 768
730 863
917 751
412 683
39 373
699 808
190 145
407 232
274 799
67 63
418 515
106 707
647 809
898 266
483 178
414 696
567 845
854 731
990 729
522 958
993 435
709 832
200 822
24 279
423 695
91 339
942 213
958 168
547 446
305 418
983 581
238 230
640 853
165 32
839 452
479 195
688 73
354 316
273 759
51 525
945 827
613 576
232 801
959 976
75 378
967 605
401 517
527 984
657 286
245 762
943 681
757 545
987 240
949 30
276 926
241 68
660 468
321 838
828 420
542 627
333 296
406 506
216 99
377 650
244 593
265 829
89 380
259 647
721 591
862 718
734 3
622 43
701 655
413 209
302 254
823 319
813 810
448 347
934 687
195 76
541 475
801 105
356 33
387 766
304 139
493 39
821 252
328 665
686 152
549 332
616 631
555 17
433 887
620 450
947 159
851 114
184 427
80 977
766 776
895 490
802 379
164 167
546 918
593 484
939 730
707 143
954 586
759 485
756 712
668 457
443 486
239 346
288 276
473 173
338 463
121 709
335 727
598 885
484 160
603 100
847 264
66 401
782 540
16 177
975 13
865 98
495 81
198 840
229 955
272 356
682 784
691 174
938 180
415 929
97 188
673 979
863 934
33 447
747 196
119 945
844 408
809 909
65 993
956 589
574 482
773 465
889 824
573 513
219 562
928 771
636 520
452 436
22 564
712 406
460 183
739 742
569 365
189 818
840 398
372 518
697 478
563 815
23 927
383 350
27 669
133 847
158 504
111 69
683 969
17 640
838 600
752 826
308 469
225 823
480 872
385 302
42 115
390 850
565 542
349 298
146 271
592 4
973 889
855 649
899 112
608 89
536 999
472 547
93 96
203 113
728 644
653 324
497 374
380 806
59 970
700 425
14 935
138 197
275 492
529 686
621 875
214 432
915 617
32 246
974 604
681 404
1 990
303 493
115 522
147 646
