999
535 799
57 799
799 436
882 799
799 545
799 314
28 799
848 799
799 941
799 343
799 751
799 659
799 65
799 91
799 877
602 799
799 118
33 799
799 265
572 799
846 799
513 799
799 128
244 799
226 799
421 799
799 708
799 176
799 121
955 799
799 779
799 51
664 799
799 133
278 799
470 799
799 416
799 188
799 988
799 674
799 459
799 698
799 483
799 240
799 26
537 799
799 973
356 799
349 799
222 799
799 684
612 799
650 799
827 799
82 799
961 799
5 799
799 171
590 799
360 799
799 741
799 683
799 744
759 799
799 351
799 63
799 649
799 774
442 799
799 310
55 799
885 799
799 758
967 799
799 953
126 799
799 285
193 799
756 799
799 342
919 799
799 262
799 781
772 799
799 518
799 607
900 799
353 799
799 80
224 799
799 159
932 799
250 799
799 915
17 799
544 799
979 799
813 799
799 311
799 836
799 486
577 799
58 799
799 435
799 966
799 589
692 799
937 799
799 69
799 284
799 149
905 799
654 799
799 95
799 304
799 777
799 755
799 978
799 145
799 527
897 799
799 638
775 799
799 790
270 799
930 799
381 799
799 108
101 799
799 641
507 799
142 799
799 786
951 799
702 799
799 496
799 79
324 799
579 799
814 799
799 918
419 799
799 840
19 799
799 740
620 799
260 799
799 394
799 167
874 799
799 73
140 799
463 799
799 820
348 799
109 799
302 799
83 799
717 799
281 799
569 799
799 114
799 501
799 298
938 799
799 230
896 799
799 879
799 157
799 374
799 30
799 482
876 799
506 799
568 799
799 655
799 415
358 799
799 841
799 924
516 799
764 799
799 10
799 478
210 799
104 799
799 328
776 799
799 296
134 799
850 799
799 762
404 799
234 799
811 799
432 799
799 231
524 799
799 599
20 799
956 799
799 355
251 799
865 799
799 606
983 799
132 799
581 799
871 799
943 799
7 799
768 799
890 799
799 834
730 799
824 799
443 799
799 75
16 799
987 799
199 799
799 505
906 799
799 129
799 806
662 799
799 728
799 18
799 631
799 739
799 438
799 724
799 383
799 585
799 637
191 799
799 198
970 799
799 447
488 799
884 799
706 799
799 916
799 614
799 306
972 799
451 799
799 582
148 799
688 799
610 799
799 27
799 41
38 799
799 288
799 965
799 908
799 267
200 799
799 411
375 799
216 799
378 799
799 339
799 557
799 9
799 789
858 799
980 799
799 962
892 799
799 480
799 981
799 446
647 799
546 799
47 799
192 799
352 799
799 994
799 623
817 799
799 780
799 194
799 804
799 99
799 985
799 510
799 526
297 799
457 799
127 799
52 799
799 634
141 799
799 282
799 534
46 799
799 508
725 799
307 799
799 844
826 799
799 493
799 912
309 799
24 799
799 316
406 799
799 835
799 370
799 86
891 799
799 597
444 799
799 797
552 799
799 929
44 799
763 799
969 799
799 838
367 799
799 960
554 799
628 799
931 799
521 799
347 799
202 799
799 800
799 440
799 883
799 116
799 208
799 574
331 799
22 799
74 799
799 935
944 799
799 146
155 799
492 799
377 799
799 136
695 799
799 667
799 718
799 843
742 799
487 799
799 412
799 749
799 619
799 335
560 799
799 644
345 799
694 799
799 469
799 175
799 888
799 491
799 870
799 859
799 782
173 799
799 334
942 799
799 185
721 799
799 379
566 799
138 799
799 456
949 799
266 799
799 279
799 365
70 799
799 810
543 799
920 799
799 466
799 732
799 899
829 799
799 630
799 462
273 799
711 799
799 803
87 799
112 799
681 799
799 903
43 799
42 799
799 147
766 799
0 799
799 48
799 595
713 799
313 799
111 799
995 799
799 190
799 495
576 799
799 252
420 799
243 799
799 276
799 407
799 598
799 693
799 428
799 825
799 354
312 799
793 799
799 77
799 340
799 177
799 515
21 799
594 799
799 102
799 405
635 799
422 799
799 152
799 164
799 315
395 799
89 799
799 710
333 799
221 799
799 704
799 625
8 799
799 386
472 799
464 799
757 799
652 799
799 39
232 799
290 799
799 680
799 293
799 323
799 613
336 799
959 799
799 344
799 477
532 799
934 799
895 799
799 832
429 799
799 689
499 799
799 633
799 719
984 799
248 799
517 799
799 861
187 799
799 213
700 799
183 799
530 799
807 799
799 856
3 799
605 799
799 629
902 799
701 799
473 799
815 799
156 799
799 34
274 799
799 796
799 425
747 799
799 991
168 799
799 300
32 799
484 799
687 799
299 799
541 799
830 799
799 845
794 799
799 917
434 799
875 799
799 458
799 467
799 573
536 799
799 968
359 799
765 799
799 426
271 799
799 409
833 799
60 799
799 822
672 799
627 799
715 799
799 958
696 799
201 799
799 651
690 799
799 433
799 223
799 23
799 364
799 67
656 799
726 799
494 799
256 799
799 286
799 855
115 799
559 799
799 927
123 799
799 417
799 617
799 125
799 36
799 498
657 799
586 799
551 799
799 818
799 795
799 81
691 799
184 799
485 799
799 303
670 799
911 799
926 799
122 799
799 767
203 799
799 707
799 427
799 369
737 799
382 799
799 703
584 799
218 799
799 548
124 799
604 799
799 853
799 471
799 558
799 424
799 135
799 384
802 799
799 925
799 601
799 166
799 679
799 954
799 143
977 799
697 799
769 799
330 799
799 563
225 799
799 531
852 799
922 799
799 139
799 160
291 799
799 996
799 928
799 241
799 587
799 887
799 847
799 819
35 799
799 990
673 799
799 591
287 799
40 799
799 93
350 799
727 799
799 272
750 799
712 799
799 866
799 982
799 783
799 337
663 799
92 799
799 182
799 940
31 799
799 609
799 59
799 186
799 319
771 799
268 799
799 618
886 799
799 150
636 799
4 799
716 799
799 509
96 799
799 62
398 799
53 799
289 799
600 799
799 389
799 396
318 799
197 799
799 653
410 799
805 799
821 799
799 385
799 615
408 799
799 110
503 799
363 799
237 799
799 387
799 578
799 504
862 799
945 799
206 799
799 699
799 211
799 454
799 401
685 799
799 357
799 403
799 103
327 799
14 799
669 799
261 799
799 165
799 49
799 976
799 45
860 799
799 570
465 799
15 799
799 196
29 799
799 1
799 950
799 539
799 791
799 326
476 799
575 799
799 729
963 799
799 525
799 646
68 799
233 799
792 799
854 799
799 98
799 236
450 799
849 799
430 799
799 209
799 72
799 616
799 603
799 151
392 799
785 799
346 799
247 799
799 910
799 78
608 799
799 275
799 61
773 799
799 722
676 799
799 720
170 799
745 799
799 872
799 519
799 204
799 839
799 445
857 799
889 799
799 561
799 913
799 540
12 799
13 799
120 799
88 799
799 873
205 799
131 799
249 799
154 799
550 799
269 799
294 799
522 799
799 556
25 799
553 799
799 380
254 799
709 799
66 799
2 799
366 799
799 547
441 799
799 754
868 799
799 246
799 735
799 448
523 799
172 799
675 799
989 799
460 799
562 799
799 212
799 999
660 799
799 714
974 799
71 799
894 799
799 461
542 799
799 308
277 799
799 413
799 390
227 799
799 801
452 799
799 153
117 799
799 264
799 738
799 867
799 639
799 682
734 799
746 799
828 799
799 571
214 799
632 799
799 317
322 799
388 799
799 449
799 220
648 799
851 799
799 90
439 799
362 799
259 799
229 799
799 207
808 799
799 624
799 37
799 514
341 799
295 799
799 239
799 242
880 799
831 799
799 283
799 179
743 799
799 257
993 799
799 11
799 144
799 923
799 622
799 952
195 799
97 799
799 474
113 799
864 799
799 565
178 799
162 799
784 799
799 137
748 799
799 106
161 799
752 799
292 799
76 799
799 372
788 799
799 580
799 437
479 799
799 893
668 799
869 799
799 453
666 799
878 799
863 799
799 258
799 6
837 799
529 799
799 939
799 588
94 799
626 799
799 520
799 329
642 799
481 799
799 54
301 799
368 799
489 799
85 799
997 799
798 799
414 799
799 497
799 105
402 799
904 799
371 799
799 842
914 799
305 799
643 799
799 64
799 823
215 799
640 799
947 799
799 901
799 658
986 799
799 391
468 799
661 799
399 799
736 799
799 933
799 971
181 799
799 733
799 180
799 235
799 778
731 799
799 665
163 799
799 107
799 325
799 431
678 799
56 799
119 799
799 50
174 799
799 549
907 799
799 84
238 799
280 799
799 593
770 799
677 799
799 898
373 799
799 511
596 799
255 799
567 799
799 245
909 799
799 921
158 799
423 799
799 957
705 799
799 528
799 998
799 787
321 799
799 816
583 799
564 799
799 753
799 400
799 338
490 799
723 799
169 799
253 799
799 320
799 512
799 936
760 799
475 799
799 502
376 799
228 799
621 799
799 975
799 533
799 946
799 263
219 799
645 799
881 799
361 799
455 799
812 799
799 418
992 799
799 100
799 189
799 217
799 592
397 799
799 964
332 799
611 799
799 393
686 799
799 761
799 500
671 799
799 948
130 799
555 799
538 799
799 809
