78508
117350
180836
445052
168991
295250
260750
315057
381089
498680
143693
221588
299785
402790
183696
318146
432043
372246
174185
481079
163704
336138
415135
311888
402846
227426
77551
322827
485372
269160
412373
341254
429564
427952
40524
468658
28850
156812
495458
187187
198746
505262
336089
454153
2064
132434
161092
152956
45645
178217
249654
332175
339586
466502
450285
37195
481883
218040
267486
62386
326479
59940
475016
483502
133235
3188
130827
239053
381003
188752
258272
221149
505375
141038
35663
478177
284063
308535
346892
214755
48768
464350
339129
260834
403215
468067
481295
363546
123771
114669
303659
37994
272914
20744
16438
299169
194665
231251
179480
299044
