1121141
1119449
1135168
512754
2111954
591734
544323
1609157
597524
63234
1126954
516019
1608677
1609236
10488
2113695
1588162
1135652
1633375
53186
1104153
2128157
1146105
1625989
2109354
2115459
1132697
569949
1590221
1640730
87699
81611
1589150
55880
578487
2132923
544355
38765
1139765
1621137
575117
537510
2118743
1135940
534728
2098534
2091326
564998
30096
1116902
1102801
43894
586272
564778
1593513
1614925
1623314
1151964
2117192
58245
1115399
2092041
570053
2127192
2124487
2115316
559824
72385
1131638
57093
33234
1098499
1110905
1098955
1631671
2101068
57221
572527
68081
1132268
1614365
2116518
1114392
1124587
1124528
1613966
578915
1126665
533072
1634819
1119216
2140909
1610431
569367
571460
1091339
564213
549129
2125077
2150186
