30
507385254 845642090
501342774 835571290
305145264 508575440
188415528 242248536
405120850 631988526
285186768 475311280
239044190 307342530
376892090 829162598
147583008 639526368
130645752 566131592
465087891 775146485
251312256 418853760
495025635 825042725
200775147 334625245
465087891 775146485
366119385 610198975
536041260 607513428
89447022 149078370
444671631 741119385
536499024 894165040
152282715 822326661
418853760 474700928
125885010 142669678
79956055 175903321
155181885 175872803
425720215 936584473
237945557 424163819
390930176 502624512
463348389 948760987
446716309 652893067
