2568
474
988
481
856
513
668
386
141
761
893
76
974
62
506
734
197
320
882
111
328
869
352
644
866
326
613
489
900
928
278
383
319
933
578
511
108
414
890
636
472
571
494
200
74
604
74
874
106
450
611
704
916
788
736
189
585
171
350
700
948
65
684
271
345
402
75
735
706
86
243
456
66
186
560
796
647
668
867
188
184
925
274
791
975
257
87
974
716
236
84
772
51
747
371
617
307
708
652
717
463
766
998
78
159
122
468
285
797
911
134
687
415
357
722
406
259
948
511
666
705
366
209
531
749
667
636
145
239
988
520
398
595
607
993
941
847
130
125
627
170
167
593
691
205
982
330
701
514
806
375
198
563
742
988
634
659
172
329
863
622
870
404
511
210
356
784
355
296
86
902
802
861
451
916
745
734
305
443
891
646
341
754
636
244
696
133
906
756
394
420
775
641
413
494
248
842
27
763
976
34
538
789
884
861
923
204
166
864
660
254
743
574
284
242
629
460
970
114
333
672
24
948
656
692
983
365
153
413
189
817
148
96
615
111
400
281
620
224
96
221
554
615
640
135
271
87
138
810
90
40
384
859
954
67
997
490
256
423
218
243
528
867
894
45
367
1
807
775
507
614
306
896
812
89
260
135
588
554
138
332
142
256
268
774
476
628
677
710
434
695
825
592
134
640
50
40
183
456
932
964
598
498
576
149
241
104
801
911
948
558
506
97
707
502
879
126
158
690
556
965
525
819
138
71
477
659
430
804
904
433
379
40
163
59
618
794
464
493
724
507
544
562
941
383
881
217
631
603
681
138
144
934
668
869
783
767
294
6
784
527
617
717
166
514
755
272
276
277
501
174
341
508
45
542
177
163
799
420
665
347
684
550
834
124
694
877
279
364
436
331
642
275
186
936
694
609
662
272
65
289
836
709
668
506
904
648
737
639
138
563
433
904
422
727
601
241
835
745
422
659
149
359
87
172
350
453
497
408
282
648
795
614
717
196
48
441
935
708
518
794
995
183
288
826
612
204
96
523
887
247
102
10
455
255
897
871
6
905
22
110
660
926
930
923
545
44
918
279
344
721
867
810
107
768
550
465
555
573
869
16
687
761
743
979
465
282
744
635
364
452
432
700
94
953
949
490
36
967
288
643
791
792
893
575
923
204
152
796
632
656
331
179
446
98
874
624
837
689
328
726
268
27
416
106
616
694
875
499
403
155
474
864
361
173
799
34
324
271
494
19
187
565
557
61
826
144
49
671
413
249
319
786
588
191
322
1000
406
308
990
100
921
877
667
269
15
664
988
690
379
112
867
233
23
271
143
230
958
436
365
153
57
827
218
867
444
686
907
773
377
27
962
165
743
20
681
436
714
138
182
527
309
819
398
554
575
677
159
772
7
431
471
714
429
30
515
441
659
613
283
300
922
733
598
517
988
209
406
411
111
610
65
409
890
101
943
269
320
151
388
884
40
542
159
738
729
771
496
748
185
140
69
829
480
390
545
60
259
488
921
253
494
900
73
525
728
94
489
110
401
505
12
394
456
152
757
307
608
787
909
861
198
545
652
568
484
808
205
183
943
650
64
722
23
550
537
761
407
595
912
242
342
763
449
320
400
95
568
364
230
743
399
968
142
764
66
842
605
211
547
322
764
553
671
657
441
825
700
198
253
774
253
29
265
547
102
427
444
859
865
675
250
561
544
774
325
638
578
27
633
301
764
971
102
634
945
962
415
12
102
632
904
262
639
644
642
90
795
819
880
361
652
756
125
74
722
419
522
609
925
104
738
314
396
996
480
272
123
83
756
621
280
30
494
204
624
74
936
510
611
464
824
882
448
370
993
793
309
433
318
710
670
780
877
595
189
401
667
386
936
936
396
312
858
220
453
848
201
403
357
312
296
481
991
782
899
246
202
456
806
248
628
1000
184
385
15
21
619
481
181
95
593
982
752
737
728
408
131
982
574
51
41
444
530
471
828
468
135
352
207
173
377
197
999
452
626
967
327
807
166
718
372
744
535
657
122
79
24
504
705
986
920
36
673
106
546
373
824
754
750
716
209
570
366
961
919
693
65
377
344
184
177
323
557
970
622
362
850
111
703
252
728
879
495
565
137
846
929
56
758
828
318
677
230
851
906
26
621
627
423
496
299
25
422
386
717
951
383
604
496
486
892
948
784
359
603
617
701
130
837
904
884
169
323
743
273
238
301
600
450
320
437
199
308
615
13
340
915
23
159
191
967
938
747
449
626
700
833
775
844
807
516
249
651
138
952
930
446
126
431
435
567
511
425
234
832
694
932
855
399
530
822
179
574
517
24
586
801
538
203
207
306
542
822
76
144
408
223
82
901
814
906
277
20
19
747
611
591
275
908
548
48
399
608
989
235
453
260
18
543
503
608
960
948
30
899
735
810
565
192
173
855
715
785
978
985
883
494
232
12
60
626
897
767
381
365
924
746
453
531
424
915
578
775
851
890
891
349
322
483
538
888
374
43
246
276
36
637
833
532
131
497
373
58
888
420
211
602
900
958
907
555
568
530
781
115
412
171
350
981
342
335
356
34
934
312
232
236
671
149
351
886
13
850
258
652
302
837
723
412
170
481
433
57
192
631
354
844
864
499
83
205
453
479
745
463
228
992
153
510
730
691
902
772
767
445
851
421
366
979
175
985
719
742
855
219
957
469
50
532
728
810
344
283
987
185
804
55
382
383
988
560
483
921
406
683
855
218
172
254
757
430
848
461
796
939
847
712
545
633
567
477
593
619
659
260
829
798
510
932
464
415
715
811
761
322
653
102
209
253
489
49
786
707
713
663
886
738
118
454
688
837
281
466
61
218
954
943
864
265
340
990
957
669
438
284
808
448
550
422
338
309
178
951
420
757
625
570
826
700
508
757
33
5
213
117
794
473
383
548
799
365
96
907
824
941
715
817
356
515
470
210
425
538
813
681
638
179
778
420
541
549
268
71
967
794
600
27
999
457
66
930
944
296
114
436
362
620
294
87
820
830
491
830
956
914
722
665
801
821
764
153
524
616
652
194
119
70
696
11
503
725
187
252
94
30
451
757
885
93
763
584
265
847
277
632
36
579
373
336
700
219
717
844
569
478
396
590
495
695
306
289
437
499
221
520
196
760
617
131
683
777
313
657
172
565
81
163
565
798
327
197
354
376
684
7
703
200
78
330
80
435
191
764
75
41
310
366
776
61
565
695
720
773
994
99
751
711
26
888
16
746
852
477
866
79
133
39
917
602
2
144
186
538
749
272
844
972
399
466
317
331
208
635
985
437
90
48
514
864
528
495
325
694
989
799
508
388
370
707
292
704
386
593
631
160
671
683
960
335
949
746
889
542
37
667
782
281
944
927
771
699
353
657
889
273
578
95
351
803
360
154
510
1
246
405
380
99
602
337
658
2
651
785
309
75
309
575
938
649
262
572
176
892
609
701
220
344
677
84
283
631
796
343
789
566
795
517
594
174
977
63
861
312
621
771
674
361
38
167
737
771
958
3
304
572
641
5
44
209
160
202
372
151
270
302
137
824
453
642
513
14
614
308
237
985
611
740
687
493
737
684
792
640
172
548
1
598
109
838
282
491
994
202
751
51
223
905
772
33
829
451
693
81
195
928
616
409
24
201
290
57
710
518
955
364
415
183
555
890
827
549
105
774
183
712
573
583
760
25
855
466
18
720
887
68
745
120
220
388
464
143
206
218
516
25
743
166
975
821
660
31
458
908
796
996
873
220
811
895
568
814
95
821
739
198
793
176
968
456
140
587
279
683
63
74
26
806
71
100
807
626
990
903
485
583
921
480
35
254
751
27
61
774
309
722
617
295
99
951
267
583
36
267
432
203
104
785
85
374
274
167
410
898
593
142
890
973
319
178
95
317
790
60
7
360
993
815
692
795
23
767
409
87
456
483
963
745
333
714
352
984
635
222
663
109
396
958
82
586
748
91
193
347
646
469
692
879
892
601
715
295
649
895
936
615
316
801
162
492
137
966
866
43
240
399
896
533
308
10
409
611
569
924
620
227
565
520
22
76
295
515
895
750
429
821
940
411
38
653
906
69
282
632
219
892
40
733
228
696
193
488
128
366
339
219
968
637
63
455
681
189
257
968
848
543
933
662
688
326
674
366
925
415
962
622
735
492
927
28
844
651
640
541
40
300
573
733
40
212
612
351
99
618
246
603
196
95
717
509
308
240
468
803
161
43
963
209
264
377
665
34
53
751
326
965
126
718
948
837
796
90
229
638
139
597
955
872
954
229
619
755
134
911
110
147
434
462
153
816
450
68
19
178
120
733
469
653
741
221
165
569
756
858
111
775
57
938
56
280
791
452
783
151
137
872
839
419
225
567
150
278
347
758
530
724
439
997
108
341
635
626
440
628
680
514
373
599
772
249
698
419
423
120
372
934
475
94
422
621
288
327
511
937
891
217
547
346
919
505
424
113
335
327
258
115
339
158
13
983
628
709
419
688
205
304
994
794
403
77
630
220
792
990
916
261
288
112
974
578
89
500
621
779
765
121
464
175
458
401
739
496
198
295
243
830
345
776
17
583
142
364
464
411
516
419
392
807
934
44
750
975
962
89
880
163
59
56
336
648
359
193
789
324
654
194
719
889
453
182
794
113
541
887
210
946
949
929
451
697
568
152
561
377
995
789
981
829
320
372
174
720
566
727
689
871
756
853
521
972
662
354
737
983
619
111
760
655
585
109
548
308
687
158
577
28
601
186
110
123
870
707
141
171
684
391
367
722
527
441
23
378
89
376
738
420
206
500
244
148
505
178
436
863
937
118
121
873
115
841
22
32
943
176
761
510
392
410
425
887
913
603
408
441
661
341
13
915
812
21
499
958
904
978
810
560
539
756
766
304
115
47
955
69
425
656
775
343
962
652
68
289
257
225
237
636
325
463
155
281
487
692
70
193
67
110
284
673
513
129
905
99
284
606
580
798
319
898
623
532
667
141
612
960
784
314
339
159
550
34
484
49
33
311
961
99
994
124
655
574
349
798
395
51
328
344
428
700
604
534
668
601
165
529
995
155
706
246
138
11
180
290
286
365
366
922
168
443
26
665
35
858
378
206
507
898
369
543
19
76
430
899
487
563
238
134
301
358
67
436
155
766
620
982
909
509
165
483
823
169
872
969
932
118
512
175
625
948
413
713
792
233
840
130
207
312
169
962
366
883
573
851
571
107
527
519
854
271
457
675
767
607
349
592
802
955
42
662
769
622
128
649
487
857
263
405
794
209
661
551
397
329
709
616
798
195
336
428
223
905
472
546
265
870
140
983
166
29
295
660
388
96
35
637
164
890
603
756
47
668
83
763
690
389
231
721
44
544
880
864
834
602
445
603
349
242
976
131
749
967
253
651
448
248
913
515
163
943
358
995
228
902
283
201
542
666
421
945
197
451
604
118
227
19
52
411
3
309
614
405
959
977
793
162
655
193
722
923
863
129
97
863
875
989
680
440
292
90
434
20
157
746
240
679
6
361
497
665
793
728
143
345
4
354
175
738
928
27
28
29
732
103
968
125
627
204
852
143
314
202
850
598
768
494
123
620
575
589
44
26
250
32
288
700
263
392
209
522
261
158
623
186
571
994
623
968
623
972
281
247
611
505
110
953
757
921
593
985
352
241
178
538
609
200
965
258
387
483
385
876
571
414
807
414
662
966
960
647
373
483
855
970
758
876
963
178
211
716
466
7
929
964
839
299
859
153
587
173
258
44
567
276
618
368
827
481
86
159
137
884
700
373
965
126
402
994
349
594
111
781
316
516
203
157
2
926
915
64
413
551
580
549
79
764
692
711
767
743
818
