2208
7087
4480
1107
380
1197
3912
531
5315
9370
1685
1318
4498
360
459
5846
2693
3440
297
1914
3385
2732
2464
1600
451
726
3577
102
5493
3108
7855
5623
4378
2475
4189
853
780
569
1710
1548
1532
1941
3295
2811
3243
4079
4998
833
3453
2616
224
1557
7069
60
2126
2923
3715
483
3179
3512
2170
5032
3176
778
3049
2144
5087
838
3769
2468
1463
946
3643
1937
761
3370
5730
5191
4492
4415
4492
2091
6529
6480
3087
3342
4536
3141
3048
2645
1335
3406
359
3926
312
1705
534
4892
5769
3029
2540
4307
2017
3161
8165
566
179
9567
2883
2146
2977
3684
1196
4093
919
2556
2270
3941
3670
347
