120
437512
626178
809150
215708
22422
229456
771554
87146
614538
841302
347482
164050
483438
53492
70204
632298
626372
349746
39874
402574
330648
609968
495664
99810
46000
130742
581780
8204
824810
611248
959886
634482
484662
529604
736510
66312
128644
92272
361598
311396
311776
422764
730742
643612
754934
975512
438522
146318
291144
492388
28012
319444
849042
1350
143760
613106
836798
29502
527900
844136
471056
573618
325662
91580
717656
187266
971992
127402
881702
538036
126186
152984
821974
408446
38970
629048
662268
418350
601160
320910
805882
373984
766704
759714
515960
794786
924098
720886
685766
242454
258166
572630
31240
882074
28810
346246
83728
890210
623124
309492
576154
873376
425482
740606
983496
81548
18484
845340
292542
119340
673352
311346
237464
651430
164438
470722
395692
877438
863444
48106
