99
88 21
82 76
16 38
80 70
69 39
12 46
77 95
92 20
41 44
8 76
65 49
58 15
62 47
84 60
57 1
9 15
24 90
24 26
20 84
73 58
9 23
5 21
80 94
80 84
80 20
72 59
64 73
77 39
19 45
16 46
84 69
85 79
91 31
100 63
46 6
9 11
88 61
12 86
8 34
15 31
67 22
48 74
76 31
1 87
37 38
83 7
34 45
85 78
85 30
24 49
81 97
43 46
86 63
87 63
88 75
7 79
59 6
40 86
41 37
97 10
42 23
41 39
42 20
70 30
1 2
97 1
64 25
16 79
16 36
33 84
18 67
58 52
38 23
32 67
16 42
17 21
9 44
73 20
11 21
56 14
72 66
73 26
2 84
81 26
96 67
49 43
32 98
44 53
69 23
60 20
2 35
74 35
8 91
82 67
72 29
67 14
66 91
85 62
16 43
