25
0001233321000001233321000
0013566653100013566653100
0136899986310136899986310
1245666665310135666665421
1234443444333334443444321
1112220223233323220222111
0003330335343435330333000
0002332335330336330333000
0001233324330336330333000
0000134313330336330333000
0000033302343434343432000
0000022201233322233321000
1233222210235320124443321
2343323220224220002343321
3453435330336330003453321
3453435330336330003452100
3453435330336330003452100
3453435330336330003452100
3330335343435453324453321
2220223233323343323343321
1110112356544566643233321
0000001234566654321000000
0000001234577754321000000
0000000001244421000000000
0000000000011100000000000
