104
0
-0 0
-1OO 1OO
-14 -6 6 -2 -1 1 2 14
-20 -6 6 -4 -1 1 4 20
-15 -5 5 -9 -1 1 9 15
-16 -7 -5 5 7 -1 1 16
-17 -1 1 -3 3 -8 8 17
-22 -1 1 -9 9 -2 2 22
-17 -9 9 -7 -2 2 7 17
-18 -6 6 -10 -1 1 10 18
-19 -7 7 -10 -8 8 10 19
-19 -4 4 -10 10 -5 5 19
-28 -7 7 -17 -9 9 17 28
-26 -17 -8 8 17 -2 2 26
-25 -12 -2 2 12 -3 3 25
-18 -10 -2 -1 1 2 10 18
-16 -3 3 -12 -3 3 12 16
-26 -7 7 -10 -5 5 10 26
-27 -9 9 -14 -10 10 14 27
-25 -19 -11 -8 8 11 19 25
-28 -10 10 -10 -5 5 10 28
-20 -15 -10 10 15 -4 4 20
-31 -26 -10 10 -8 8 26 31
-27 -26 -17 -7 7 17 26 27
-25 -20 -15 -6 6 15 20 25
-11 -1 1 -1 1 -1 1 -1 1 11
-20 -4 4 -5 5 -8 -3 3 8 20
-12 -2 2 -1 1 -8 -5 5 8 12
-23 -8 -3 3 8 -9 -6 6 9 23
-41 -7 7 -24 -5 5 -9 9 24 41
-24 -14 -9 9 14 -4 -1 1 4 24
-33 -9 9 -12 -4 4 12 -9 9 33
-23 -5 5 -14 -2 2 -7 7 14 23
-12 -1 1 -10 -4 4 -6 6 10 12
-22 -4 4 -16 -3 3 -8 8 16 22
-23 -9 9 -7 -6 6 7 23 -3 3
-31 -8 8 -21 -10 10 -8 8 21 31
-36 -8 8 -25 -16 -7 7 16 25 36
-35 -7 7 -21 -12 -8 8 12 21 35
-28 -10 10 -17 -9 9 -6 6 17 28
-33 -1 1 -23 -10 10 -7 7 23 33
-30 -10 10 -19 -6 6 -8 8 19 30
-23 -1 1 -14 -10 -3 3 10 14 23
-31 -11 -6 6 11 -10 -1 1 10 31
-26 -22 -2 2 -14 -9 9 14 22 26
-33 -3 3 -23 -13 -3 3 13 23 33
-28 -7 7 -9 -3 3 9 -8 -1 1 8 28
-28 -8 8 -9 -6 6 9 -9 -8 8 9 28
-30 -12 -10 10 12 -13 -7 7 13 30
-38 -17 -8 8 17 -15 -10 10 15 38
-27 -10 10 -2 2 -12 -10 10 12 27
-33 -6 6 -20 -4 4 -9 -3 3 9 20 33
-32 -9 9 -3 3 -17 -2 2 -6 6 17 32
-37 -5 5 -17 -8 8 17 -5 -3 3 5 37
-29 -6 6 -12 -9 9 12 -7 -6 6 7 29
-27 -1 1 -22 -8 8 -6 -5 5 6 22 27
-33 -7 -4 4 7 -17 -9 9 -1 1 17 33
-35 -5 5 -7 7 -20 -10 -9 9 10 20 35
-30 -14 -8 8 14 -13 -6 6 -1 1 13 30
-30 -2 2 -22 -3 3 -11 -6 6 11 22 30
-43 -6 6 -9 9 -27 -7 7 -10 10 27 43
-37 -3 3 -27 -8 8 -10 -2 2 10 27 37
-41 -7 7 -19 -10 10 19 -9 -4 4 9 41
-37 -9 9 -10 -9 9 10 -12 -7 7 12 37
-30 -4 4 -13 -3 3 13 -11 -4 4 11 30
-33 -16 -8 8 16 -11 -9 -3 3 9 11 33
-28 -2 2 -13 -8 8 13 -12 -7 7 12 28
-31 -5 5 -24 -8 8 -13 -4 4 13 24 31
-32 -1 1 -5 5 -19 -10 -5 5 10 19 32
-35 -7 7 -27 -7 7 -13 -5 5 13 27 35
-25 -6 6 -16 -3 3 -10 -8 8 10 16 25
-35 -8 -1 1 8 -21 -12 -2 2 12 21 35
-36 -10 -5 5 10 -20 -8 8 -6 6 20 36
-29 -9 9 -16 -1 1 -12 -2 2 12 16 29
-36 -2 2 -30 -5 5 -19 -10 10 19 30 36
-37 -7 7 -14 -8 8 14 -13 -10 10 13 37
-49 -18 -9 9 18 -23 -16 -8 8 16 23 49
-31 -12 -7 7 12 -16 -12 -6 6 12 16 31
-39 -10 10 -24 -3 3 -18 -8 8 18 24 39
-36 -6 6 -29 -9 9 -19 -10 10 19 29 36
-33 -8 8 -7 7 -11 -3 3 -4 -3 3 4 11 33
-33 -9 9 -8 -3 3 8 -15 -9 9 -5 5 15 33
-39 -2 2 -4 4 -27 -10 10 -7 -4 4 7 27 39
-41 -8 8 -12 -5 5 12 -19 -9 9 -1 1 19 41
-43 -3 3 -19 -9 9 19 -13 -5 5 -3 3 13 43
-43 -10 10 -9 9 -21 -5 5 -8 -3 3 8 21 43
-33 -3 3 -6 6 -22 -3 3 -10 -2 2 10 22 33
-42 -3 3 -13 -6 6 13 -18 -8 8 -8 8 18 42
-50 -5 5 -13 -6 6 13 -23 -9 9 -7 7 23 50
-35 -10 -6 6 10 -22 -4 4 -10 -1 1 10 22 35
-42 -7 7 -17 -10 10 17 -12 -7 7 -3 3 12 42
-45 -10 10 -1 1 -26 -6 6 -13 -9 9 13 26 45
-46 -9 9 -18 -10 10 18 -13 -5 5 -4 4 13 46
-32 -1 1 -11 -1 1 11 -16 -4 4 -9 -2 2 9 16 32
-32 -8 8 -4 -2 2 4 -19 -10 10 -6 -5 5 6 19 32
-30 -4 4 -4 -2 2 4 -17 -1 1 -11 -3 3 11 17 30
-53 -7 7 -9 -2 2 9 -27 -3 3 -19 -9 9 19 27 53
-9 9 -16 -9 9 16 -23 -8 8 -8 -4 4 8 23
-39 -5 5 -8 -1 1 8 -25 -4 4 -11 -8 8 11 25 39
-29 -1 1 -15 -10 10 15 -11 -1 1 -6 -5 5 6 11 29
-46 -9 9 -4 -3 3 4 -29 -10 10 -14 -5 5 14 29 46
-50 -8 8 -15 -9 9 15 -23 -3 3 -15 -9 9 15 23 50
-53 -10 10 -9 -8 8 9 -29 -6 6 -16 -10 10 16 29 53
