100
-26 -9 9 -11 -3 3 11 26 -3 3
-26 -8 8 -10 -5 5 10 -6 -5 5 6 26
-39 -6 6 -8 8 -8 -2 2 8 -16 -6 6 16 39
-26 -6 6 -4 4 -11 -7 -5 -4 4 5 7 11 26
-31 -2 2 -7 7 -20 -1 1 -16 -7 7 16 20 31
-38 -5 5 -15 -10 10 15 -16 -9 -5 5 9 16 38
-41 -22 -10 10 -6 -1 1 6 22 -10 -9 9 10 41
-30 -4 4 -7 7 -10 -7 -1 1 7 10 -3 -2 2 3 30
-33 -2 2 -4 4 -14 -8 8 -4 4 14 -12 -8 8 12 33
-55 -8 8 -26 -8 8 -10 10 26 -15 -9 -2 2 9 15 55
-51 -6 6 -30 -8 8 -19 -9 9 19 30 -13 -5 5 13 51
-37 -2 2 -8 8 -5 5 -19 -14 -10 -7 7 10 14 19 37
-56 -8 8 -21 -10 10 -6 6 21 -22 -4 4 -9 9 22 56
-60 -10 10 -29 -20 -5 5 -5 5 20 29 -13 -9 9 13 60
-41 -12 -3 -1 1 3 -1 1 12 -9 -2 2 9 -13 -4 4 13 41
-59 -19 -14 -5 5 14 19 -30 -10 10 -12 -8 8 12 30 59
-43 -1 1 -19 -2 2 -14 -5 5 14 19 -14 -7 -6 6 7 14 43
-43 -8 8 -12 -1 1 -5 5 12 -20 -10 10 -7 -3 3 7 20 43
-52 -6 6 -8 -7 7 8 -19 -10 10 19 -14 -1 1 -3 3 14 52
-50 -9 9 -4 -2 2 4 -2 2 -28 -1 1 -17 -10 10 17 28 50
-43 -8 8 -11 -1 1 -6 6 11 -23 -1 1 -18 -10 10 18 23 43
-59 -10 10 -25 -8 8 -16 -8 8 16 25 -23 -5 5 -10 10 23 59
-62 -2 2 -12 -4 4 12 -39 -18 -10 10 18 -15 -8 8 15 39 62
-49 -11 -10 10 11 -12 -8 -1 1 8 12 -22 -17 -9 9 17 22 49
-57 -3 3 -19 -8 8 -6 -5 5 6 19 -26 -7 7 -17 -9 9 17 26 57
-47 -7 -5 5 7 -23 -20 -6 6 -11 -2 2 11 20 23 -1 1 -9 9 47
-53 -9 9 -3 3 -13 -8 8 13 -20 -5 5 -14 -8 8 14 20 -3 3 53
-64 -6 6 -8 8 -8 -1 1 8 -10 10 -23 -8 8 -10 10 23 -1 1 64
-46 -3 3 -16 -1 1 -9 -4 4 9 16 -23 -7 7 -11 -10 10 11 23 46
-62 -15 -6 6 15 -8 8 -31 -5 5 -1 1 -19 -12 -4 4 12 19 31 62
-58 -5 5 -47 -1 1 -16 -6 6 16 -26 -1 1 -17 -8 8 17 26 47 58
-61 -8 8 -7 -6 6 7 -40 -4 4 -13 -10 10 13 -14 -10 10 14 40 61
-75 -6 6 -51 -1 1 -8 -2 2 8 -32 -8 8 -17 -9 9 17 32 51 -9 9 75
-61 -5 5 -7 -4 4 7 -16 -10 10 16 -1 1 -17 -7 -3 3 7 17 -6 6 61
-51 -5 5 -5 -3 -2 2 3 5 -39 -5 5 -26 -5 5 -12 -8 8 12 26 39 51
-56 -10 10 -12 -7 7 12 -25 -3 3 -21 -5 5 -7 -2 2 7 21 25 -6 6 56
-65 -12 -7 7 12 -20 -9 9 -4 4 20 -7 -3 3 7 -17 -12 -8 8 12 17 65
-63 -10 10 -9 -6 6 9 -21 -7 7 -5 5 21 -8 8 -12 -10 -7 7 10 12 63
-66 -2 2 -18 -9 9 18 -17 -7 7 17 -23 -2 2 -13 -8 8 13 -1 1 23 66
-55 -4 4 -4 4 -22 -18 -14 -5 5 14 18 22 -21 -5 5 -8 -6 6 8 21 55
-50 -7 7 -6 -3 3 6 -15 -2 2 -3 -1 1 3 -4 4 15 -8 8 -11 -2 2 11 50
-70 -1 1 -6 -5 5 6 -20 -10 10 20 -26 -16 -10 10 16 26 -7 -3 3 7 70
-75 -7 7 -18 -8 8 18 -23 -6 6 -9 -4 4 9 23 -20 -7 7 -7 -2 2 7 20 75
-65 -21 -8 8 -4 4 21 -11 -6 6 11 -30 -2 2 -8 -4 4 8 -13 -7 7 13 30 65
-74 -19 -10 -1 1 10 19 -7 -5 5 7 -21 -9 9 -2 2 21 -19 -8 8 -3 3 19 74
-69 -13 -9 -6 6 9 13 -12 -7 7 12 -7 7 -7 -6 6 7 -21 -10 10 -1 1 21 69
-65 -4 4 -9 -6 -2 2 6 9 -26 -18 -9 9 18 26 -25 -10 10 -8 -5 5 8 25 65
-70 -25 -16 -2 2 -4 4 16 25 -6 -5 5 6 -24 -14 -5 5 14 24 -8 -2 2 8 70
-57 -1 1 -10 -4 4 10 -30 -5 5 -15 -6 6 15 30 -14 -4 4 -8 -6 6 8 14 57
-54 -7 7 -8 -2 2 8 -34 -2 2 -7 -6 6 7 -24 -5 5 -13 -10 10 13 24 34 54
-70 -5 5 -10 -5 5 10 -22 -7 7 -8 -2 2 8 22 -26 -1 1 -18 -9 9 18 26 70
-65 -6 6 -9 -1 1 9 -7 -6 -1 1 6 7 -20 -8 8 -2 -1 1 2 20 -18 -9 9 18 65
-77 -12 -8 8 12 -31 -9 9 -12 -9 9 12 31 -15 -7 7 -3 3 15 -13 -7 7 13 77
-78 -10 -1 1 10 -21 -9 9 -4 4 21 -37 -8 8 -25 -5 5 -13 -6 6 13 25 37 78
-87 -7 7 -9 -6 6 9 -17 -10 10 17 -20 -10 10 20 -8 8 -19 -4 4 -9 9 19 87
-79 -5 5 -9 9 -22 -16 -6 6 16 22 -37 -14 -6 6 14 -15 -9 9 15 37 -2 2 79
-79 -1 1 -13 -5 5 13 -56 -9 9 -18 -10 10 18 -28 -8 8 -12 -9 9 12 28 56 79
-51 -7 -1 1 -2 2 7 -14 -11 -10 10 11 14 -25 -24 -1 1 -17 -9 9 17 24 25 51
-64 -9 9 -11 -6 6 11 -10 -2 2 -4 -3 3 4 10 -11 -3 3 11 -18 -9 9 -1 1 18 64
-65 -21 -9 9 -8 -7 7 8 21 -6 -4 4 6 -2 -1 1 2 -26 -9 9 -15 -10 10 15 26 65
-73 -3 3 -9 -4 4 9 -19 -4 4 -12 -6 6 12 19 -35 -10 10 -9 -5 5 9 -6 6 35 73
-73 -10 10 -4 4 -19 -9 -6 6 9 19 -13 -5 5 -7 7 13 -20 -2 2 -9 -2 2 9 20 73
-52 -1 1 -5 5 -11 -4 4 11 -6 -3 -2 2 3 6 -26 -17 -1 1 -11 -5 5 11 17 26 52
-73 -4 4 -29 -7 7 -12 -5 5 -5 5 12 29 -13 -8 8 13 -17 -4 4 -7 -4 4 7 17 73
-66 -10 10 -6 6 -20 -8 8 -6 -5 5 6 -2 2 20 -25 -9 -3 3 9 -10 -3 3 10 25 66
-85 -19 -10 10 19 -24 -9 9 -5 5 24 -3 3 -38 -19 -10 10 19 -14 -9 9 14 38 85
-77 -8 8 -11 -3 3 11 -23 -5 5 -13 -10 10 13 23 -32 -10 10 -18 -9 9 18 32 77
-83 -16 -8 8 16 -10 -3 3 -2 2 10 -47 -6 6 -18 -8 8 18 -14 -4 -1 1 4 14 47 83
-69 -1 1 -8 8 -23 -10 10 -11 -1 1 11 23 -28 -3 3 -17 -5 5 -8 -4 4 8 17 28 69
-76 -6 -4 4 -1 1 6 -5 -3 3 5 -31 -8 8 -14 -4 4 14 31 -26 -3 3 -16 -8 8 16 26 76
-71 -9 9 -2 2 -18 -1 1 -10 -4 4 10 18 -8 8 -3 3 -14 -8 8 -2 2 14 -16 -8 8 16 71
-77 -1 1 -10 10 -29 -10 10 -12 -10 10 12 29 -27 -7 7 -8 -7 7 8 -11 -3 3 11 27 77
-77 -2 2 -11 -5 5 11 -14 -6 6 14 -42 -10 10 -14 -5 5 14 -16 -5 5 -10 10 16 42 77
-87 -9 9 -19 -10 10 19 -17 -9 9 -1 1 17 -41 -5 5 -8 8 -22 -6 6 -8 -4 4 8 22 41 87
-89 -9 9 -37 -5 5 -7 7 -17 -13 -3 3 13 17 37 -16 -3 3 -4 4 16 -18 -8 -5 5 8 18 89
-76 -1 1 -14 -6 6 14 -26 -5 5 -19 -9 9 19 26 -31 -5 5 -19 -6 6 -4 -3 3 4 19 31 76
-83 -7 7 -30 -2 2 -18 -9 9 18 30 -14 -13 -5 5 13 14 -22 -2 2 -13 -1 1 -4 4 13 22 83
-88 -8 8 -8 8 -28 -10 10 -12 -3 3 12 28 -35 -12 -6 6 12 -19 -9 9 -4 -2 2 4 19 35 88
-80 -16 -6 6 16 -13 -5 5 -7 7 13 -30 -14 -10 10 14 -9 -3 3 -3 3 9 30 -19 -9 9 19 80
-83 -10 10 -10 -5 5 10 -14 -3 3 -7 7 14 -41 -13 -9 9 13 -23 -7 7 -14 -7 7 14 23 41 83
-72 -6 -1 1 6 -20 -8 8 -7 7 20 -18 -1 1 -11 -3 3 11 18 -20 -1 1 -10 10 -6 -5 5 6 20 72
-74 -6 6 -5 5 -25 -2 2 -15 -5 5 15 25 -37 -3 3 -7 -6 6 7 -20 -2 2 -17 -8 8 17 20 37 74
-76 -10 10 -1 1 -11 -8 -2 2 8 11 -12 -2 2 -5 5 12 -9 -6 6 9 -12 -5 5 12 -15 -7 7 15 76
-84 -5 5 -22 -7 -1 1 7 -6 6 22 -9 9 -10 10 -8 -4 4 -1 1 -2 2 8 -20 -4 4 -6 -5 5 6 20 84
-85 -8 8 -12 -9 9 12 -18 -1 1 -13 -6 6 13 18 -20 -13 -9 9 13 20 -22 -18 -10 10 18 22 85
-93 -14 -10 10 14 -31 -23 -16 -6 6 16 23 31 -14 -2 2 -5 5 14 -24 -10 10 -4 -1 1 4 24 93
-74 -7 7 -16 -10 10 16 -12 -9 -7 7 9 12 -16 -2 2 -8 -1 1 8 16 -21 -9 9 -11 -2 2 11 21 74
-101 -10 10 -6 6 -9 -3 3 9 -13 -9 9 13 -2 2 -19 -10 -8 8 10 19 -16 -8 8 16 -16 -9 9 16 101
-63 -3 3 -12 -7 7 12 -12 -5 -3 3 5 -6 -4 4 6 12 -15 -14 -9 9 14 15 -11 -1 1 -9 -8 8 9 11 63
-70 -6 6 -3 -1 1 3 -17 -1 1 -13 -5 5 13 17 -39 -8 8 -11 -1 1 11 -17 -4 4 -3 -1 1 3 17 39 70
-103 -7 7 -22 -9 9 -10 10 22 -21 -5 5 -6 -4 4 6 21 -9 9 -21 -6 6 -7 -2 2 7 21 -17 -8 8 17 103
-84 -8 8 -5 -1 1 5 -30 -10 10 -12 -5 5 12 30 -35 -6 6 -12 -7 7 12 -13 -1 1 -3 -1 1 3 13 35 84
-82 -4 4 -14 -10 -3 3 10 14 -21 -1 1 -18 -8 8 18 21 -5 -2 2 5 -30 -4 4 -16 -9 9 16 -2 2 30 82
-82 -4 4 -17 -10 10 -5 -2 2 5 17 -39 -6 6 -5 -2 2 5 -18 -11 -4 4 11 18 39 -21 -12 -5 5 12 21 82
-79 -3 3 -10 10 -2 -1 1 2 -24 -8 8 -13 -4 4 -1 1 13 24 -18 -12 -6 6 12 18 -21 -11 -7 7 11 21 79
-87 -6 6 -27 -3 3 -14 -7 7 14 27 -2 2 -22 -4 4 -16 -9 9 16 22 -12 -6 6 12 -16 -10 -8 8 10 16 87
-105 -13 -10 10 13 -34 -8 8 -21 -4 4 -7 7 21 34 -8 -1 1 8 -15 -2 2 -9 9 15 -25 -5 5 -10 10 25 105
-92 -9 9 -7 -4 4 7 -18 -7 7 -5 -1 1 5 18 -8 -2 2 8 -41 -4 4 -16 -9 9 16 -16 -4 4 -4 -3 3 4 16 41 92
-99 -5 5 -18 -8 8 18 -34 -9 9 -1 1 -17 -3 3 -5 5 17 34 -33 -5 5 -20 -16 -10 10 16 20 33 -7 -3 3 7 99
-80 -14 -7 7 14 -14 -3 3 -8 -5 5 8 14 -12 -5 5 12 -4 -1 1 4 -13 -10 -2 2 10 13 -16 -11 -8 8 11 16 80
