19
0 0 0 0 0 0 0 0 0 0 0 0 0 0 0 0 0 0 0
0 0 0 0 0 0 0 1 1 1 1 1 0 0 0 0 0 0 0
0 0 0 0 0 1 1 5 5 5 5 5 1 1 0 0 0 0 0
0 0 0 1 1 5 5 4 4 2 7 7 5 5 1 1 0 0 0
0 0 0 1 5 3 2 2 2 2 7 7 2 3 5 1 0 0 0
0 0 1 5 3 3 6 6 6 2 2 2 2 2 3 5 1 0 0
0 0 1 5 2 2 6 6 6 2 2 8 8 8 3 5 1 0 0
0 1 5 3 2 2 2 2 2 2 2 8 7 8 3 3 5 1 0
0 1 5 2 7 7 7 2 2 3 3 8 7 8 3 3 2 1 0
0 1 5 2 7 1 7 2 3 3 3 8 7 8 3 3 2 1 0
0 1 5 2 7 7 7 2 5 5 2 8 8 8 3 3 2 1 0
0 1 5 3 2 4 4 2 5 5 2 2 2 2 3 3 5 1 0
0 0 1 5 2 4 4 2 2 2 2 2 6 6 6 5 1 0 0
0 0 1 5 3 2 2 2 7 7 7 2 6 6 6 5 1 0 0
0 0 0 1 5 3 2 2 7 7 7 2 2 3 5 1 0 0 0
0 0 0 1 1 5 5 3 2 2 2 3 5 5 1 1 0 0 0
0 0 0 0 0 1 1 5 5 5 5 5 1 1 0 0 0 0 0
0 0 0 0 0 0 0 1 1 1 1 1 0 0 0 0 0 0 0
0 0 0 0 0 0 0 0 0 0 0 0 0 0 0 0 0 0 0
