100
42 145650
5 216183
16 343151
93 871559
28 319457
1 571984
74 502960
8 611597
38 743651
98 978812
73 268847
60 424642
44 581041
40 787051
65 348855
97 617744
32 845561
24 725969
76 329829
77 943618
16 308888
93 653731
5 811752
24 605254
36 787166
86 436309
12 144065
71 627116
70 952205
81 519778
63 806211
59 663973
36 840602
32 837379
68 78803
36 918789
38 55466
43 295094
29 972392
52 355841
35 378966
54 991992
58 653644
43 889777
78 3815
21 246347
88 303640
71 287374
59 89049
48 337904
89 480763
67 645812
61 660636
31 914478
56 882036
25 72161
66 945230
60 417545
68 516435
69 118772
28 634433
61 114698
5 931515
81 948462
72 247931
53 6077
99 243107
57 459572
58 743472
92 358958
89 497999
86 423754
98 992202
93 263531
64 69083
64 937817
31 549601
69 598532
66 675248
33 410985
47 95299
79 910158
55 659725
33 503143
92 787884
75 917595
35 944063
2 708576
66 229006
16 210818
83 588776
96 73731
23 527306
20 39261
19 30651
35 579811
29 370805
37 443974
99 340413
5 579570
