100
94697 2017500
68968 2032495
50182 2077351
3934 1003903
18541 4053523
82132 1084309
85359 1000727
21892 3045536
77566 1097496
32804 93666
84414 2036471
10054 1005996
61524 3016268
67760 3012932
7145 13262
54862 4031061
24984 3001338
74523 2060932
47747 3075505
24201 82173
23681 2034251
92432 4033151
68027 2086478
16070 3083358
37170 4035018
47465 4039874
26891 2089045
93573 1038790
8481 3017027
98746 3053786
86213 89186
73876 89347
26654 3002120
54337 57425
48828 1085388
55943 4068746
68966 1012491
13860 63671
55147 2082998
66723 3037473
93446 1047741
13981 1040032
95117 4012404
43556 2083628
34187 1020830
13305 4030424
34254 4001044
14036 1087116
24707 35487
88621 2013363
66784 2000759
37256 50533
69374 1084058
76885 1041846
30134 3008361
94702 3005064
32719 3066116
94669 2079166
42379 4046973
32229 84263
82270 2014893
4026 4023211
37006 1079373
44431 4065507
94909 4024040
61175 4029795
48470 1053649
58911 85860
46563 2072875
29383 84805
15099 51370
20470 2025236
27822 2044796
5764 2036047
56828 3065609
24311 4027630
39345 75099
86067 1048572
52430 83734
23733 2090443
91627 3006142
39427 4047733
71524 2020555
87322 2029661
58975 2049791
66454 3023323
38328 1093621
80344 2038800
47857 1008227
67628 3064191
61523 2037347
48939 4089720
59756 3021038
37239 1078031
75197 1054507
5961 2020703
86963 1033679
30629 1048059
17216 4080716
94675 4075607
