23
0000000001 65
0000000100 98
0000000111 103
0000001101 110
0000000000 32
0000000011 33
0000000110 101
0000001001 107
0000001100 109
0000001111 112
0000000101 100
0000010101 119
0000010001 115
0000010100 118
0000010000 114
0000010011 117
0000010110 121
0000010010 116
0000000010 97
0000001000 104
0000001011 108
0000001110 111
0000001010 44
00000000010000000000000001010000000001100000010000000001011000000000000000001111000000111000000011100000010000000000000000000100100000000010000000010000000010110000000110000000101000000000000000000010000000110100000101100000010101000000001000000101100000001010000000000000000101100000001110000001001100000100000000000000000000111100000100000000001110000000011100000100000000000010000000110000000000000000010001000000100000000011100000010011000000101100000001010000000000000001010100000011100000010000000000100100000000000000000011
