10 10 10
27 27
0 0 6.125
0 1 9.875
1 0 -0.875
1 1 1.25
1 2 3.0
2 1 -0.25
2 2 6.0
2 3 -1.25
3 2 6.25
3 3 7.125
3 4 7.0
4 3 6.625
4 5 -5.0
5 4 3.5
5 5 9.0
5 6 3.875
6 5 -7.5
6 6 -8.0
6 7 6.25
7 6 -8.75
7 7 6.125
7 8 3.125
8 7 -5.0
8 8 2.25
8 9 8.75
9 8 6.25
9 9 -7.0
0 0 -5.75
0 1 -8.875
1 0 5.0
1 1 2.5
1 2 -5.5
2 1 9.25
2 2 10.0
2 3 1.25
3 2 9.25
3 3 6.0
3 4 6.125
4 3 4.125
4 5 6.5
5 4 9.0
5 5 -1.0
5 6 9.5
6 5 2.375
6 6 3.25
6 7 -0.5
7 6 7.5
7 7 0.5
7 8 8.5
8 7 2.5
8 8 5.75
8 9 9.0
9 8 -3.375
9 9 8.625
