999999 999999 999999
19 42
32015 637228 -8.75
66238 637228 4.75
176689 576751 -7.5
184860 728927 2.0
193653 637228 4.5
251533 747153 -2.75
257676 665614 6.625
290436 251019 1.875
363175 975558 4.5
456601 115685 4.625
538719 221698 -6.375
823185 518010 1.25
829589 866115 3.25
908296 728927 4.75
948050 612857 4.75
951147 637228 3.5
966481 104709 2.0
973240 612857 -8.5
989830 975558 -2.375
74359 62355 -5.875
74359 797746 6.0
104709 123929 2.5
115685 71392 7.0
115685 167214 5.125
115685 256194 4.5
115685 297754 -2.375
115685 877173 -3.875
221698 274902 6.5
221698 359612 4.125
221698 549877 -2.75
251019 260934 4.5
251019 422195 -6.625
251019 592711 -1.0
251019 758740 7.0
251019 908624 6.125
378372 884363 -4.25
383965 198264 -0.5
383965 247456 1.5
383965 658497 7.5
383965 728534 9.75
518010 139533 6.5
518010 654555 -4.0
518010 878634 -1.5
549575 221900 -7.5
576751 369129 1.0
612857 387980 -4.625
612857 433496 -4.5
612857 604133 6.25
637228 367280 2.375
657081 635525 -4.625
665614 909517 2.75
665614 962318 8.875
679367 842107 6.25
728927 379413 8.0
728927 572572 1.875
747153 180415 -6.0
747153 708847 5.25
813725 697486 0.125
866115 465921 -2.25
975558 653211 2.75
975558 772471 2.875
