30 8
29 46 52 21 9 70 8 14
29 46 52 21 9 70 8 14
95 42 1 37 96 65 13 89
85 11 16 66 46 43 99 37
18 24 35 76 93 54 36 86
88 15 16 49 6 91 29 25
26 41 40 98 67 89 97 96
21 44 51 28 76 77 40 14
83 77 24 85 2 8 88 89
49 37 31 17 28 16 4 56
47 49 56 1 10 86 20 45
22 27 50 44 76 80 54 16
59 3 97 36 4 87 35 54
23 65 39 11 87 57 32 92
91 9 69 60 53 34 99 77
97 92 59 33 31 54 11 79
31 10 77 90 62 7 39 86
22 27 50 44 76 80 54 16
68 41 98 14 71 38 85 46
85 79 72 42 15 3 53 60
9 13 35 1 38 100 32 14
55 3 21 98 88 66 64 39
79 5 99 54 22 26 82 49
22 27 50 44 76 80 54 16
21 65 88 42 63 5 19 7
53 56 1 46 8 26 77 11
35 100 15 66 2 74 93 48
3 9 72 26 32 94 56 83
36 78 47 80 13 62 63 33
22 27 50 44 76 80 54 16
