104 10
100 123 66 160 97 6 167 147 23 188
100 81 138 80 199 43 101 114 134 164
101 32 109 81 133 154 125 23 6 190
109 154 96 64 12 62 47 146 119 156
110 9 19 80 32 106 6 114 109 20
111 198 15 85 31 42 167 12 97 164
112 124 135 46 109 65 147 189 139 98
112 15 184 125 75 45 17 57 144 188
113 11 117 137 156 60 116 187 50 127
118 81 16 32 21 71 34 70 119 1
119 28 111 174 21 165 87 136 49 39
120 129 157 53 151 41 149 114 70 150
121 113 35 135 132 131 25 86 141 127
126 174 110 73 98 163 35 187 23 149
129 157 182 190 172 181 69 158 4 107
131 139 90 34 73 19 65 55 195 3
146 35 32 89 164 60 79 80 177 112
149 163 44 3 68 24 196 86 118 116
150 37 7 171 72 177 75 79 78 8
151 136 157 4 155 38 137 130 36 159
152 58 107 101 1 9 104 77 143 50
157 76 32 149 87 57 150 121 78 66
158 60 91 45 90 115 124 61 122 131
162 151 104 169 133 156 96 190 170 105
163 175 113 77 127 147 48 75 30 172
171 180 69 65 142 79 170 93 101 192
172 192 139 26 64 111 101 28 94 188
173 59 187 169 56 48 137 174 64 162
175 20 38 113 193 158 153 9 157 68
1 75 38 48 169 82 84 133 42 111
178 2 43 89 79 120 122 166 23 116
179 12 95 142 180 65 44 50 121 51
181 133 47 64 41 153 59 102 54 166
183 120 158 94 21 115 163 146 82 104
184 9 4 17 183 165 138 113 121 125
186 110 120 130 75 42 143 146 149 88
186 162 139 101 184 8 142 47 48 5
189 64 26 7 148 66 93 88 185 57
190 22 133 124 118 13 91 184 196 178
191 101 64 41 8 48 90 200 130 176
192 12 87 38 82 40 68 93 6 102
192 70 13 76 94 90 198 148 187 81
193 11 43 33 68 176 107 196 174 18
194 149 134 199 146 60 107 28 164 175
194 97 69 77 156 129 22 64 114 49
195 119 165 137 26 163 41 142 100 173
195 121 197 199 35 189 60 7 183 31
196 151 170 158 37 76 14 32 5 46
199 62 148 108 185 72 115 178 6 132
200 61 139 85 46 145 108 172 144 65
21 1 57 18 95 47 119 68 80 86
22 187 130 89 189 146 13 35 119 149
24 63 69 86 9 126 121 97 10 21
28 191 10 35 12 190 125 13 80 45
29 148 22 15 64 87 94 106 179 132
31 3 165 32 38 136 141 81 58 134
33 176 190 74 60 142 54 53 199 184
33 70 68 141 71 64 174 54 118 132
35 192 70 111 119 99 53 60 54 123
37 169 194 186 63 59 21 100 23 33
39 163 11 55 73 24 160 80 195 199
40 137 182 145 6 189 146 31 147 84
41 107 79 27 12 161 16 74 5 78
41 171 15 181 8 100 5 27 109 156
43 146 154 69 172 187 10 27 144 77
43 166 60 5 118 142 169 48 133 184
43 9 128 138 35 6 38 80 82 47
45 133 182 59 44 62 19 154 53 184
45 60 164 61 52 146 147 90 124 199
48 113 88 73 19 136 1 45 63 180
48 159 15 148 16 138 116 174 42 18
48 200 97 51 28 26 105 110 57 172
50 76 52 89 30 156 176 178 172 126
5 13 164 87 72 84 52 80 137 2
52 172 139 55 13 36 184 96 83 26
53 181 114 104 148 146 52 18 80 176
53 89 49 174 115 164 105 200 125 24
55 85 100 62 107 51 171 88 8 41
58 176 46 109 22 114 68 79 132 150
60 39 65 44 21 78 93 125 87 190
64 160 86 109 63 7 88 55 132 148
66 196 6 71 51 83 70 153 111 164
66 197 90 140 79 171 160 84 104 192
67 172 130 3 10 108 52 88 77 111
67 7 124 74 49 131 20 22 11 107
69 194 1 175 8 60 45 47 63 155
75 13 156 173 76 85 187 27 190 10
75 94 33 95 148 73 53 178 36 149
77 107 33 150 74 124 159 189 174 50
77 52 168 23 146 187 85 46 5 127
7 77 153 199 152 18 84 6 70 97
77 97 26 110 190 75 173 197 53 60
8 113 14 187 30 121 116 165 128 66
81 45 7 142 27 73 18 176 36 95
82 8 158 33 171 54 13 122 84 114
83 97 16 187 155 164 127 64 195 58
84 6 170 121 152 196 130 102 115 109
86 125 74 55 186 139 115 9 70 153
91 45 33 69 12 96 84 22 109 35
94 49 163 188 73 106 81 175 101 112
96 19 49 143 147 197 115 192 194 18
98 21 143 79 63 26 90 64 170 89
98 66 121 101 47 105 184 113 183 36
99 76 184 117 84 85 67 163 40 121
