42 12
90 119 9 172 111 61 107 79 74 7 34 68
27 125 127 150 59 34 21 155 112 5 15 6
42 116 159 110 71 28 136 5 165 108 29 70
32 134 149 146 27 177 127 82 45 123 30 5
13 41 82 117 39 171 76 137 80 111 37 145
124 28 102 162 17 189 119 118 142 64 103 141
128 99 166 132 33 156 171 66 140 108 101 72
153 93 189 139 193 31 159 53 174 170 89 136
145 191 60 178 116 98 132 38 42 130 29 66
160 37 88 74 182 14 110 161 7 102 71 16
130 39 159 157 99 184 69 103 29 148 44 18
11 53 172 123 194 92 34 21 118 78 29 110
141 187 199 42 102 154 99 50 5 91 183 172
117 15 45 75 58 160 199 80 111 70 135 47
117 167 44 98 94 20 165 123 187 54 7 104
34 85 71 111 72 76 20 40 188 97 178 187
14 99 150 59 193 64 66 166 31 118 1 180
57 82 144 13 165 150 103 119 15 169 2 75
97 19 34 26 89 138 53 8 28 167 148 86
176 166 156 3 14 83 122 120 136 96 69 4
56 146 35 24 42 113 77 45 38 36 25 133
93 121 175 139 188 71 186 44 200 112 151 88
56 30 33 128 115 84 43 21 5 146 25 20
32 72 175 67 113 147 85 121 183 88 112 76
57 141 4 56 184 175 25 88 137 17 41 160
57 2 29 69 59 179 25 90 64 46 172 79
39 116 28 197 173 159 199 102 134 47 146 19
54 146 148 129 25 97 4 127 84 3 11 20
86 48 64 133 158 91 167 52 90 19 29 164
89 131 74 49 6 124 195 157 169 36 50 4
163 168 53 121 87 165 16 153 144 148 128 21
74 68 158 46 81 2 131 33 8 123 70 90
103 154 199 164 100 156 31 46 124 40 7 18
46 165 121 39 133 188 22 30 192 101 29 1
40 93 29 87 101 20 15 117 181 197 3 6
106 198 174 43 63 135 77 158 87 136 200 168
146 83 94 131 28 193 80 177 196 137 53 67
102 122 194 142 173 9 131 199 33 182 7 184
177 180 34 101 50 51 146 154 110 83 192 165
140 90 128 33 112 32 86 169 130 161 67 155
67 34 19 136 98 126 36 128 71 82 27 103
189 63 121 112 82 18 22 157 180 48 136 33
