50
28884069
15255918
793890065
792142779
261459860
102194468
689404468
424636898
3473612215
8508737225
9624733145
5408096980
9374416212
7110522176
16709665649
89916858321
85386779618
61194262999
30570163977
328117912160
476021531779
522129642021
555715256074
376076639847
424232326704
3680723624740
4829572012207
7912847312948
1958247411739
4468024943629
1896681012468
8449858244539
7453509141438
726599288606651
403059553008706
963464505020791
689157844164490
741388486974838
640939128580935
922646128289853
249308690059039
681461258122668
3620954018480818
4911635098482485
4082128031442855
27710236654501553
56367211052451312
27692580770914876
16525534153749833
697719833245520439
