30
2712939616709395196
8773540098233661513
2404277834568699974
8590412756910685593
2701881001870295366
7507778876190050823
82754144591389495778
56062096111521716941
23309561455834016944
73841907787177547505
412089832041649792031
573794892563725215304
738562319252459387961
929488123610466618818
5192096589413817601914
6540732750664388235819
1673294713959721837544
8996034026865469420948
9613726251606272557499
1814749635202801516423
43920529769043088306276
57689917213067644516676
32661878984662075102682
95945151456802793475006
432579896155690172763949
588057966438396711424634
8094037048931853415852396
7258445777006001314818367
4282163185033880782108704
7668897902037856608492414
