10
8 8    88
10
 8 8  88 8
21 40
0000000000000000000000000000000000000000
0000000000000000010000000000002220000000
0000000000000000111000000000222222200000
0000000000000001121100000002222222220000
0000000000000011222110000002222222220000
0000000000000112232211000000222222200000
0000000000001122333221100000002220000000
0000000000011223343322110000000000000000
0000000000112233444332211000000000000000
0000000001122334444433221100000000000000
0000000011223344444443322110000000000000
0000000001122334444433221100000000000000
0000000000112233444332211000000000000000
0000000000011223343322110000001110000000
0000000000001122333221100000022222000000
0000000000000112232211000000333333300000
0000000000000011222110000004444444440000
0000000000000001121100000000000000000000
0000000000000000111000000000000000000000
0000000000000000010000000000000000000000
0000000000000000000000000000000000000000
