12
`'"'`*"`"`*"
13
"`*".*"""'*'.
18 53
00000000000000000000000000000000000000000000000000000
00000000000000011111111111110000000011111111111110000
00000000000011111111111111110000011111111111111110000
00000000001111111111111111110001111111111111111110000
00000000011111111111111111110011111111111111111110000
00000000111111100000001111110111111100000001111110000
00000001111111000000000000001111111000000000000000000
00000001111111000000000000001111111000000000000000000
00000001111111000000000000001111111000011111111110000
00000001111111000000000000001111111000011111111110000
00000001111111000000000000001111111000011111111110000
00000001111111000000000000001111111000000001111110000
00000000111111100000001111110111111100000001111110000
00000000011111111111111111110011111111111111111110000
00000000001111111111111111110001111111111111111110000
00000000000011111111111111110000011111111111111110000
00000000000000011111111111110000000011111100011110000
00000000000000000000000000000000000000000000000000000
