100
7 12
12 23
23 44
44 14
14 17
17 8
8 22
22 27
27 6
6 50
50 47
47 49
49 46
46 25
25 27
27 27
27 46
46 16
16 29
29 17
17 10
10 2
2 34
34 9
9 35
35 41
41 9
9 29
29 39
39 5
5 30
30 24
24 17
17 50
50 37
37 18
18 22
22 10
10 39
39 44
44 23
23 6
6 35
35 46
46 39
39 44
44 29
29 4
4 15
15 10
10 4
4 33
33 43
43 45
45 46
46 24
24 6
6 2
2 22
22 29
29 8
8 46
46 15
15 47
47 14
14 45
45 20
20 27
27 17
17 32
32 15
15 47
47 42
42 9
9 8
8 29
29 49
49 18
18 18
18 32
32 31
31 26
26 6
6 32
32 8
8 30
30 48
48 43
43 45
45 14
14 22
22 39
39 18
18 32
32 15
15 32
32 33
33 32
32 39
39 12
