2130706432
268435456
131072
2013265920
2147483616
1074266111
1073741855
8192
1073774591
1073745919
1090519039
8
536870912
2147483136
1610612735
1073742079
2147221504
2147483647
1107296255
0
524288
16384
2113929216
1048576
2147352576
2147483632
4
1073741951
1074003967
33554432
1024
2147483520
4096
2139095040
2146435072
1073741824
1073807359
2
1073750015
1073743871
1207959551
1077936127
2146959360
2147418112
2147450880
1074790399
2143289344
64
1140850687
2145386496
128
2147475456
2147483646
2147483640
32
1073742335
32768
1082130431
262144
16
134217728
65536
2147483392
2147467264
8388608
1073741825
2147481600
1073741824
256
2048
1610612736
2147483644
1
1342177279
2147479552
2147482624
2080374784
1073742847
1073741827
1075838975
67108864
2097152
1073741887
1073758207
1879048192
512
4194304
1073741831
1073741839
16777216
1073872895
2147483584
