2000000000
72
51 57
566 4234
598149 834729
5122 6160
17 46
165271503 259311575
288436131 1932691397
75 78
343 393
41 45
204 479
74 92
207 490
49 56
964644464 1887812645
136 420
429742458 1053501121
195 393
232 1608
184 6763
13 33
60169371 1162580884
774423404 797664100
1381580035 1668522412
190444 284746
112880052 1389027745
196 279
117760 859558
121381 236758
40 83
51 74
4048 6191
32 82
1 65
37 148
0 73
591646 893422
224008 649271
3150 8259
951966787 1627123054
318604 604539
81 97
781864601 1390933683
17 124
1030908877 1796833002
39 45
82739 363091
2571 3239
156 333
4930 7479
996706325 1268325988
19 90
26667 108371
52581129 803126065
1833231690 1908070559
783093028 807124796
154115 347846
1731 6452
12 78
3 33
462351 1805485861
271 460
1282262829 1424278575
5787 8055
3759 4011
87992 288855
245938 797316
3128 7514
42 80
398695717 864069801
43 44
1223 3675
