2000000000
100
5258 6881
10 487
80 177
37 90
134 379
7200 7657
193210430 647821954
810575223 1025355296
765 5097
1403 7845
256 368
402863 710691
1602 9979
310 418
4245 8483
357 417
1562 2642
1608 929408
254 5515
237988 993349
375 416
36086098 1278892604
2064 3551
327 358
3 196
907288392 1082556895
65560 225124
501377582 1437495376
389256995 1435454919
120 153
2 89
525269188 1859210002
96 435
590375 944282
229110 294785
354 446
158 272
374 401
219 357
274806 792240
180 399
1174203161 1281932404
353672699 1325703769
591508 971791
77 395
65 96
4946 6351
22 133
839728081 1334967048
34 84
4125 7186
256 364
155409307 1877017115
1160468420 1452175854
244 352
472006 621547
36 95
865413 917702
29 332
15 112
952996470 971910817
342565 849466
14 48
50 74
1423 6004
1013 3871
3961 9041
273 407
901080611 1547636318
1289081825 1416893592
10 483
938 2915
2810 5134
56143 470418
261063734 1896211701
494363 519344
70 498
371128 562182
4504 4761
38 53
90 91
125215 879548
35 44
368106537 636496614
234 330
17 92
330794 727362
4456 6865
8 40
462832 828083
1279959298 1660654999
4176 9705
958525980 1656223354
302454546 1481685869
54 84
206285 236632
62 98
1525 4388
137739 842493
237635 979336
