2000000000
50
1006862452 1054756458
678724219 1778223615
678053276 1866811373
634631439 1605931752
306180988 1921164334
217773907 1732031918
214843117 1454854895
82072778 1036085256
26474374 1522207404
732389 891781
680953 848366
655134 760376
154824 717381
115599 443074
104050 297168
22878 794282
8994 9650
8637 9357
7126 8203
4844 8366
3286 8241
2712 4447
2150 8103
1830 7805
1742 9949
1458 1832
442 452
261 365
260 475
239 6154
208 369
165 239
156 371
122 4995
119 264
114 119
81 98
68 88
52 92
44 97
31 41
30 60
27 36
24 55
17 438
12 14
5 80
5 83
4 67
0 20
