30 30
010100100001101010001000000000
110000000111111100011100001110
111010011101000000010010101100
101001001000000010010100010100
110000000000000110000010000001
100100101010000010011001000000
000110010001000010101001000011
101001010010001000101101100100
100010101011110110000100000100
000001000001101101100111101100
001001110100111111000000000011
100000010010100000000010000000
000001001000000110010011001010
101100111011101000100000010010
010000110110110101100010000010
000000000000001100011110000000
000110011110001100001110001000
000000111000000100100000000001
101010000100000000111001001100
011100000000000011100100000001
010110000001011000010000100001
001001110100100000000100000100
001001110000101100000000010100
100000010100100100000000101000
001010100100100001101100011000
000000110101110001001000011011
000001110000001000001000101000
001000000010000000001001100101
000101000101001000100000101001
100100001000000110011001000000
