8
64
3 7 2 5 4 1 8 6
632913 368313 441528 -432854 732223 -904193 109824 -275675
844 -703677 -952478 -861047 353557 29212 502096 -160490
-755416 -951008 86128 514068 -633222 91297 -319411 779702
-683174 -414267 -327295 -462071 576256 -181699 -746250 500763
446540 -678426 983793 -338613 567262 473777 -137232 -471210
534512 -68486 -456601 264842 828184 -2036 -96969 -270873
-273719 674725 202008 803884 226255 682764 215778 -812662
-385183 -914532 -732293 651620 -37074 -491778 -941217 263986
328223 -82913 252460 589958 -886746 -86995 -735524 -100701
-204490 28300 221012 159610 735162 954055 338843 -623593
-528585 971472 -559172 238128 562372 -793649 139863 475419
457056 -97343 -892158 -95599 -457013 -104824 937225 -304047
21603 -858808 605334 -32379 -604914 201079 956665 12930
-444340 -204216 -199470 -711081 -513103 -820511 594945 38884
-105534 -265286 867681 -385164 935137 610919 929074 -988180
596137 138918 -364992 -359242 -652717 -442312 -404064 943082
893104 -67535 -79680 -27300 817108 658175 550139 270614
108043 -380396 570469 -750963 531266 -844630 557917 -172998
-638241 536129 -305646 858351 702606 207324 -370542 390374
-78782 -984541 938318 -981110 -112148 -847103 -695630 -686144
-364259 -816146 659902 929342 -445471 -357893 12647 -857585
123997 780048 -858516 -70714 480554 320657 -70981 770762
-472182 773257 550014 -929155 -819781 190145 25279 589003
891248 -722175 372479 -745704 362498 -478162 -59743 -169773
-11378 -817452 -883006 691012 953470 -489123 14232 -108155
-373711 -431579 -891738 -886008 -395706 968004 738477 395132
518963 -349010 244421 -538077 -56143 890230 27182 -353003
976230 -207610 -416977 475695 525180 565505 -174381 -137036
474713 -327339 -978090 -91954 -62077 897495 211962 -886144
821161 -541799 -141637 241160 523283 -8723 137496 -859884
-18746 107396 -611260 -468823 513906 -252039 -670404 499851
651486 918566 507016 660255 -817621 -170010 242111 -637259
981832 -579055 -831394 909336 410283 -513213 370432 -358073
814344 812651 -378207 252811 -545021 713394 -885960 -417235
84329 -449675 144364 605681 -473763 -385552 233276 222285
-612041 -593723 900413 554908 -707347 -241550 604886 494980
978689 -986589 471962 640377 -207914 -900325 -636935 -599101
-620817 -300328 290602 502454 -176204 -838717 805718 -660384
-78564 -38344 331755 -490853 -224233 83983 -413234 512452
-85718 444976 421104 -813996 997160 8423 259974 898741
-103937 539784 -812225 -192113 686560 -55992 519502 -446051
984579 628661 -731973 460304 -580518 224049 580164 -266920
-265385 -951934 -644351 776628 717561 -188545 152034 -823379
-728756 -631700 847071 416986 326902 460843 -819570 -861525
933004 -893091 808017 560904 -384718 -184753 -931192 -74395
-104462 -919518 -174102 184986 -32060 -556381 173633 -267032
505425 335037 960727 -853794 -946365 -354536 916051 662922
801796 550049 -567484 -893876 -133375 134628 76604 -886931
469908 -462684 -927979 -644789 195142 33236 -677167 245728
-74245 563364 -113241 -925518 -605274 600798 -50101 297753
69941 31058 -768845 -50084 663129 -400380 155767 -148476
-842944 -150175 977091 -71702 535785 -961312 444675 318808
-164546 -545482 283358 -505116 469859 866861 -188741 610290
-901806 -168463 -710699 -856726 246191 727249 -767201 -237129
211507 -392471 277384 -828685 -874462 -404136 -217911 87393
-992736 -266578 -177139 879762 -351645 -341310 -791497 108444
957312 -268146 454278 455039 555833 -357296 423287 953495
557731 -583453 654634 -192323 -821587 261575 -861078 -862467
-892901 154651 116811 -829026 990557 -985509 -427175 -991073
-396575 439707 959969 -657588 -802917 801175 191180 -960304
-438477 -684748 -575448 -845222 -931804 946897 -115370 -322282
1082 -554611 -407348 772327 654805 -3322 137132 -867072
257106 -592582 658607 -444781 983423 144390 126377 834619
-635596 -794850 955333 -193837 122101 250294 -863274 -813092
