24
000 32
111001 33
10100 97
111000 99
10001 100
110 101
011100 102
11111 104
10000 73
00111 105
101011 107
00110 108
11110 44
1001 110
1011 46
0110 111
101010 112
0101 114
00101 115
0100 116
011101 85
01111 117
11101 119
00100 121
1000010011110001101010100100001110110100100001001100010101001011000100000111000000010001100111100001011101010010001000010011111001110010111110000111011100011000110000100010110100111000011100100010000000001100011110101111000000100011001111101100001110110010111000110010101000111110011010001001100011000100000010011111110010111000000111001010001001011000001011101110110100010110001111100000010101100101010100100101110111011
